k=3

user=489
true_movies=[271, 289, 292, 310, 321, 342, 457, 881, 1238, 1293]
pred_movies=[1230, 114, 1434, 714, 190, 504, 317, 882, 832, 11, 395, 567, 794, 1445, 773, 284, 636, 378, 649, 1486, 730, 768, 1399, 209, 281, 1159, 583, 280, 314, 141, 721, 664, 577, 1539, 440, 1488, 177, 194, 770, 690, 26, 389, 531, 101, 276, 796, 385, 475, 472, 1175, 65, 1218, 1501, 442, 1422, 623, 646, 480, 1306, 722, 727, 1425, 41, 482, 545, 700, 909, 137, 601, 917, 669, 516, 1167, 10, 163, 861, 821, 181, 740, 370, 225, 318, 423, 210, 8, 1475, 610, 747, 92, 222, 844, 1579, 932, 792, 97, 444, 139, 494, 624, 489, 568, 350, 173, 858, 109, 560, 1318, 23, 709, 453, 215, 1412, 105, 1517, 964, 1261, 17, 710, 564, 413, 79, 1217, 1552, 306, 1043, 219, 30, 447, 720, 1007, 426, 666, 487, 561, 366, 1556, 365, 28, 702, 894, 42, 1574, 1208, 1499, 562, 1584, 1052, 1001, 1297, 393, 509, 719, 1244, 1228, 519, 512, 1423, 591, 1042, 893, 2, 1519, 1437, 919, 1248, 1588, 117, 586, 705, 753, 1411, 971, 135, 361, 16, 1421, 784, 1471, 715, 737, 1535, 691, 671, 839, 430, 540, 708, 655, 1480, 1180, 941, 433, 49, 785, 254, 1065, 855, 205, 550, 521, 790, 434, 406, 805, 250, 569, 232, 571, 1229, 289, 548, 271, 596, 736, 525, 1359, 362, 1481, 61, 870, 1568, 862, 38, 765, 842, 1182, 1439, 763, 457, 1250, 731, 625, 98, 896, 22, 1308, 32, 1224, 1586, 811, 1019, 455, 207, 380, 435, 1572, 1194, 1408, 541, 305, 1290, 563, 804, 843, 464, 7, 153, 456, 686, 1205, 124, 889, 438, 939, 1361, 570, 99, 429, 78, 738, 1530, 1551, 1553, 24, 158, 231, 1589, 1531, 640, 627, 976, 632, 1058, 118, 404, 725, 491, 1184, 381, 926, 1391, 1493, 514, 782, 857, 653, 1438, 131, 693, 726, 616, 418, 481, 1027, 797, 1147, 776, 523, 566, 468, 1576, 1424, 102, 321, 1029, 654, 1225, 1076, 1317, 445, 949, 1413, 825, 1, 859, 357, 405, 537, 1004, 1032, 213, 96, 597, 218, 1494, 63, 59, 1274, 1044, 421, 417, 675, 835, 1093, 498, 374, 1435, 1178, 76, 1428, 544, 1215, 310, 1316, 575, 416, 80, 1518, 108, 907, 945, 959, 723, 192, 520, 363, 1570, 1444, 390, 615, 169, 386, 780, 461, 1562, 142, 1036, 834, 121, 132, 944, 424, 556, 1231, 549, 1053, 415, 651, 869, 517, 1585, 783, 1490, 552, 1474, 774, 410, 542, 265, 1346, 239, 978, 441, 958, 639, 621, 584, 1509, 58, 9, 831, 274, 1087, 1580, 214, 88, 1069, 803, 1384, 100, 1108, 762, 1268, 1548, 818, 644, 377, 31, 1088, 1549, 1271, 1221, 815, 846, 507, 443, 71, 236, 866, 1441, 557, 373, 249, 1101, 128, 816, 1495, 1312, 915, 867, 21, 728, 1095, 911, 161, 652, 197, 400, 982, 82, 1146, 1546, 311, 613, 501, 996, 193, 129, 1560, 48, 838, 185, 1382, 515, 388, 1168, 1166, 473, 290, 1485, 1469, 57, 1561, 492, 808, 1120, 466, 559, 273, 713, 914, 775, 1072, 387, 814, 921, 900, 802, 741, 29, 157, 970, 551, 582, 659, 476, 147, 1581, 83, 198, 845, 756, 1046, 884, 1142, 1260, 819, 946, 588, 593, 1074, 419, 631, 758, 940, 1239, 918, 449, 477, 656, 555, 1066, 668, 452, 1103, 543, 574, 73, 166, 368, 856, 1394, 1179, 55, 960, 865, 235, 594, 707, 1479, 1047, 62, 179, 955, 1078, 910, 1554, 604, 223, 172, 211, 532, 110, 448, 1419, 391, 64, 1099, 694, 530, 1073, 760, 1545, 392, 614, 375, 154, 733, 806, 407, 412, 196, 43, 33, 999, 1334, 1407, 1470, 66, 853, 630, 345, 877, 1039, 697, 947, 1207, 54, 1045, 403, 528, 672, 229, 684, 425, 140, 149, 1550, 643, 579, 1035, 642, 764, 183, 89, 120, 485, 826, 1111, 72, 729, 660, 450, 647, 662, 372, 484, 1321, 1571, 398, 822, 493, 446, 1559, 744, 527, 1267, 546, 174, 1242, 146, 356, 809, 279, 184, 384, 152, 422, 1148, 1177, 606, 778, 645, 1573, 156, 956, 1429, 518, 1567, 990, 287, 1557, 977, 1063, 665, 36, 1012, 399, 436, 650, 1565, 1489, 791, 122, 1544, 799, 40, 703, 160, 757, 175, 732, 44, 1468, 871, 488, 788, 992, 371, 1195, 522, 1037, 848, 25, 1402, 432, 565, 629, 87, 367, 50, 248, 554, 786, 942, 969, 886, 130, 1185, 70, 127, 52, 881, 789, 913, 401, 558, 724, 206, 320, 1387, 1034, 439, 1062, 1232, 670, 85, 13, 793, 204, 1170, 336, 511, 864, 801, 849, 1209, 957, 116, 1090, 1151, 91, 203, 536, 199, 781, 1492, 673, 1132, 840, 1291, 755, 497, 138, 86, 467, 471, 411, 1249, 787, 1017, 899, 746, 37, 490, 850, 901, 1110, 1266, 798, 1200, 414, 637, 383, 1005, 364, 837, 638, 699, 1247, 906, 1104, 903, 602, 1240, 772, 547, 189, 823, 1442, 777, 828, 180, 53, 1018, 735, 1415, 603, 402, 1478, 242, 396, 904, 1041, 706, 943, 1193, 1121, 1048, 1059, 394, 1564, 810, 408, 1496, 767, 1487, 1133, 769, 952, 241, 1028, 1491, 1112, 195, 1206, 39, 1021, 238, 824, 734, 431, 224, 695, 1246, 698, 1311, 348, 382, 1500, 94, 170, 51, 1464, 972, 1529, 35, 77, 4, 474, 1555, 771, 1220, 852, 67, 291, 888, 745, 1563, 813, 529, 1118, 505, 233, 217, 145, 465, 573, 75, 1404, 759, 1376, 188, 830, 1055, 216, 376, 483, 462, 704, 257, 1113, 510, 1031, 151, 1305, 150, 795, 833, 868, 451, 1498, 164, 923, 168, 1227, 182, 1307, 155, 60, 1577, 81, 891, 1591, 1547, 679, 1540, 1587, 1210, 178, 1030, 916, 663, 46, 1578, 186, 187, 1566, 619, 69, 437, 820, 1091, 463, 176, 212, 1139, 1522, 227, 829, 716, 1000, 14, 572, 56, 954, 262, 329, 766, 827, 143, 201, 191, 667, 1338, 1503, 397, 486, 12, 622, 1011, 230, 1253, 95, 144, 912, 228, 578, 553, 1176, 47, 1109, 1119, 342, 739, 661, 237, 692, 1188, 851, 1222, 590, 90, 200, 920, 1219, 292, 524, 658, 283, 812, 626, 526, 1400, 240, 817, 420, 5, 905, 234, 1162, 354, 617, 470, 712, 779, 1590, 1569, 165, 409, 68, 674, 589, 641, 478, 285, 807, 508, 1100, 612, 860, 761, 1405, 513, 45, 208, 428, 648, 1484, 1353, 226, 506, 469, 1006, 1592, 1070, 379, 841, 202, 635, 847, 997, 585, 1575, 657, 534, 800, 27, 581, 951, 1583, 576, 922, 1558, 502, 167, 427, 1192, 685, 1288, 863, 111, 1107, 1275, 341, 275, 854, 998]
recall=0.8
precision=0.007561436672967864
fmeasure=0.0149812734082397
true_ratings=[4.0, 2.0, 4.0, 4.0, 3.0, 3.0, 3.0, 2.0, 4.0, 5.0]
pred_ratings=[2.8774220756443696, 3.039314923805145, 4.455877404039324, 4.188701854755176, 3.747695424949732, 4.076322514343926, 2.07062222123242, 3.0589152966950603, 3.2932902480561546, 4.90264998159735]
mae=0.7422842892058068
mse=0.6795268268788034

user=438
true_movies=[9, 15, 50, 121, 181, 237, 269, 321, 476, 1028]
pred_movies=[1230, 114, 1434, 714, 190, 504, 317, 882, 832, 11, 395, 567, 794, 1445, 773, 636, 378, 649, 1486, 730, 768, 1399, 209, 683, 1159, 583, 314, 141, 307, 721, 294, 664, 577, 1539, 440, 1488, 177, 194, 770, 908, 690, 26, 389, 531, 101, 276, 796, 385, 264, 475, 472, 880, 1175, 65, 1218, 1501, 442, 1422, 340, 623, 646, 480, 1306, 722, 727, 1425, 41, 482, 338, 545, 700, 909, 137, 601, 917, 669, 516, 1167, 10, 163, 861, 821, 181, 740, 370, 225, 318, 423, 210, 8, 1475, 319, 610, 747, 92, 222, 844, 1579, 932, 792, 97, 444, 139, 494, 624, 489, 568, 350, 173, 858, 109, 560, 1318, 23, 709, 453, 215, 1412, 105, 1517, 964, 1261, 17, 710, 564, 413, 79, 1217, 1552, 306, 1043, 219, 30, 447, 720, 260, 1007, 426, 666, 487, 561, 366, 1556, 365, 28, 702, 894, 42, 1574, 1208, 1499, 562, 1584, 1052, 1001, 1297, 393, 509, 719, 1244, 1228, 519, 512, 1423, 591, 1042, 893, 2, 334, 1519, 1437, 919, 1248, 1588, 117, 586, 705, 753, 1411, 971, 135, 361, 754, 16, 1421, 784, 1471, 715, 737, 1535, 691, 892, 353, 671, 323, 839, 332, 430, 540, 708, 655, 1480, 1180, 941, 433, 49, 785, 254, 1065, 855, 205, 550, 521, 790, 434, 406, 805, 250, 569, 232, 571, 1229, 289, 548, 271, 596, 736, 525, 1359, 362, 1481, 61, 870, 1568, 862, 38, 765, 842, 1182, 1439, 763, 457, 308, 1250, 731, 625, 98, 896, 22, 313, 1308, 872, 32, 1224, 1586, 811, 1019, 455, 207, 380, 435, 1572, 1194, 1408, 541, 305, 1290, 563, 804, 843, 464, 678, 7, 153, 456, 686, 1205, 124, 889, 438, 939, 1361, 570, 99, 429, 78, 738, 1530, 1551, 1553, 24, 158, 231, 1589, 1531, 640, 627, 976, 632, 1058, 404, 897, 725, 491, 1184, 381, 926, 1391, 1493, 514, 782, 857, 653, 1438, 131, 693, 726, 616, 418, 481, 1027, 797, 1147, 776, 895, 523, 566, 1265, 468, 883, 1576, 1424, 102, 321, 1029, 654, 1225, 1076, 1317, 445, 949, 1413, 825, 859, 357, 405, 537, 1004, 1032, 213, 96, 597, 218, 1494, 63, 59, 1274, 1044, 421, 417, 675, 835, 1093, 498, 374, 1435, 1178, 76, 1428, 544, 1215, 310, 1316, 327, 575, 416, 80, 1518, 108, 907, 945, 959, 243, 723, 192, 520, 363, 1570, 1444, 343, 390, 615, 169, 386, 780, 461, 1562, 142, 1036, 834, 121, 132, 944, 424, 556, 1231, 549, 890, 1053, 415, 651, 869, 517, 1585, 783, 259, 1490, 552, 1474, 774, 750, 258, 410, 542, 265, 1346, 239, 978, 441, 887, 958, 639, 621, 584, 1509, 58, 9, 831, 274, 1087, 1580, 214, 88, 1069, 803, 1384, 1108, 762, 1268, 1548, 818, 644, 377, 31, 1088, 1549, 351, 1271, 1221, 846, 507, 443, 71, 236, 1441, 557, 373, 249, 1101, 128, 816, 1495, 1312, 915, 867, 728, 1095, 911, 161, 652, 197, 400, 982, 82, 1146, 1546, 311, 613, 501, 996, 193, 129, 1560, 48, 838, 185, 269, 1382, 515, 388, 1168, 1166, 473, 290, 1485, 1469, 57, 349, 270, 1561, 492, 808, 1120, 466, 559, 273, 713, 914, 775, 1072, 387, 814, 921, 900, 802, 741, 29, 157, 970, 551, 582, 659, 476, 302, 147, 1581, 83, 198, 756, 1046, 331, 884, 1142, 1260, 819, 946, 588, 593, 1074, 419, 631, 758, 940, 1239, 918, 449, 477, 656, 555, 1066, 668, 452, 1103, 543, 574, 73, 166, 368, 856, 1394, 1179, 55, 960, 865, 235, 594, 707, 1479, 1047, 62, 179, 955, 1078, 910, 1554, 604, 223, 172, 211, 532, 110, 448, 1419, 391, 64, 347, 1099, 694, 530, 1073, 760, 1545, 392, 614, 375, 154, 733, 806, 407, 412, 196, 43, 33, 999, 1334, 1407, 689, 1470, 66, 853, 630, 345, 877, 1039, 697, 947, 1207, 54, 333, 312, 1045, 403, 528, 672, 229, 684, 425, 140, 149, 1550, 643, 579, 1035, 642, 764, 183, 89, 120, 485, 826, 1111, 72, 729, 688, 660, 450, 647, 662, 372, 484, 1321, 1571, 398, 822, 493, 446, 1559, 1025, 744, 527, 1267, 546, 174, 1242, 898, 146, 356, 809, 279, 184, 384, 152, 422, 1148, 263, 1177, 606, 778, 645, 1573, 156, 956, 749, 1429, 518, 878, 1567, 990, 287, 1557, 977, 1063, 665, 36, 1012, 399, 436, 650, 1565, 1489, 358, 791, 122, 1544, 799, 40, 703, 160, 757, 175, 316, 732, 44, 1468, 871, 488, 788, 992, 371, 1195, 522, 1037, 848, 25, 1402, 432, 565, 629, 87, 367, 299, 50, 248, 554, 786, 942, 969, 886, 130, 1185, 70, 355, 127, 52, 881, 789, 687, 913, 539, 401, 558, 724, 206, 320, 1387, 1034, 439, 1062, 1232, 670, 85, 13, 793, 204, 1170, 336, 511, 801, 849, 1209, 957, 116, 1090, 1151, 91, 203, 536, 199, 781, 1492, 673, 1132, 840, 1291, 755, 497, 138, 86, 467, 411, 1249, 787, 1017, 682, 899, 746, 37, 490, 850, 901, 1110, 1266, 798, 1200, 414, 637, 383, 1005, 364, 837, 638, 699, 1247, 906, 1104, 903, 602, 1240, 772, 547, 189, 823, 1442, 777, 828, 303, 180, 53, 1018, 735, 1415, 603, 402, 1478, 242, 396, 904, 1041, 706, 943, 1193, 1121, 1048, 538, 1059, 394, 1564, 810, 408, 1496, 767, 1487, 1133, 769, 952, 241, 1028, 1491, 1112, 195, 1206, 39, 1021, 238, 875, 824, 734, 431, 346, 224, 695, 1246, 698, 1311, 348, 382, 1500, 94, 170, 51, 1464, 972, 1529, 35, 77, 4, 474, 339, 1555, 879, 771, 1220, 885, 852, 67, 291, 888, 745, 1563, 813, 529, 1118, 505, 233, 217, 145, 465, 573, 75, 1404, 759, 1376, 188, 830, 1055, 216, 376, 483, 462, 704, 1113, 510, 1031, 151, 1305, 150, 795, 833, 868, 451, 322, 1498, 164, 923, 168, 1227, 182, 1307, 155, 60, 1577, 81, 891, 1591, 876, 1547, 679, 1540, 1587, 1210, 178, 948, 1030, 916, 663, 46, 1578, 186, 187, 1566, 315, 69, 437, 820, 1091, 463, 176, 212, 1139, 1522, 227, 328, 288, 829, 716, 1000, 14, 572, 56, 954, 262, 329, 766, 827, 143, 201, 191, 326, 874, 667, 268, 1338, 1503, 397, 752, 486, 12, 622, 1011, 230, 1253, 95, 144, 912, 228, 578, 553, 1176, 47, 1109, 1119, 342, 739, 661, 237, 692, 1188, 851, 1222, 751, 590, 90, 873, 200, 920, 1219, 292, 524, 658, 283, 812, 626, 526, 1400, 240, 817, 420, 5, 905, 234, 1162, 354, 617, 470, 712, 779, 1590, 1569, 165, 409, 68, 748, 674, 589, 641, 478, 285, 807, 902, 508, 1100, 612, 860, 761, 1405, 513, 45, 208, 428, 648, 1484, 1353, 226, 506, 469, 1006, 1592, 1070, 261, 379, 841, 202, 635, 847, 997, 585, 1575, 657, 534, 800, 27, 581, 951, 1583, 576, 922, 1558, 502, 167, 427, 1192, 685, 1288, 863, 111, 1107, 1275, 341, 275, 854, 998]
recall=0.9
precision=0.008028545941123996
fmeasure=0.015915119363395226
true_ratings=[4.0, 4.0, 5.0, 5.0, 4.0, 5.0, 4.0, 5.0, 5.0, 2.0]
pred_ratings=[4.130127429726912, 4.163478007162042, 5.7393189445928785, 4.7529014429833225, 5.7393189445928785, 4.678061436424865, 3.9334629707947295, 3.9383788319461153, 3.217656506986085, 3.8226971367770104]
mae=0.8074479273716605
mse=1.1410623095462875

user=310
true_movies=[14, 24, 116, 257, 258, 304, 536, 748, 832, 845]
pred_movies=[1230, 114, 1434, 714, 190, 504, 317, 882, 832, 11, 395, 567, 794, 1445, 773, 284, 636, 378, 649, 1486, 730, 768, 1399, 209, 281, 683, 1159, 583, 280, 314, 141, 307, 721, 664, 577, 1539, 440, 1488, 177, 194, 770, 908, 690, 26, 389, 531, 101, 276, 796, 385, 264, 475, 472, 880, 1175, 65, 1218, 1501, 442, 1422, 340, 623, 646, 480, 1306, 722, 727, 1425, 41, 482, 338, 545, 700, 909, 137, 601, 917, 669, 516, 1167, 10, 163, 861, 821, 370, 225, 318, 423, 210, 8, 1475, 319, 610, 747, 92, 844, 1579, 932, 792, 97, 444, 139, 494, 624, 489, 568, 350, 173, 858, 109, 560, 1318, 23, 709, 453, 215, 1412, 105, 1517, 964, 1261, 17, 710, 301, 564, 413, 79, 1217, 1552, 306, 1043, 219, 30, 447, 720, 260, 1007, 426, 666, 487, 561, 366, 1556, 365, 28, 702, 894, 42, 1574, 1208, 1499, 562, 1584, 1052, 1001, 1297, 393, 509, 719, 1244, 1228, 519, 512, 1423, 591, 1042, 893, 2, 334, 1519, 1437, 919, 1248, 1588, 117, 586, 705, 753, 1411, 971, 135, 361, 754, 16, 1421, 784, 1471, 715, 737, 1535, 691, 892, 353, 671, 323, 839, 332, 430, 540, 708, 655, 1480, 1180, 941, 433, 49, 785, 254, 1065, 855, 205, 550, 521, 790, 434, 406, 805, 250, 569, 232, 571, 1229, 289, 548, 271, 596, 736, 525, 1359, 362, 1481, 61, 870, 1568, 862, 38, 765, 842, 1182, 1439, 763, 457, 308, 1250, 731, 625, 98, 896, 22, 313, 1308, 872, 32, 1224, 1586, 811, 1019, 455, 207, 380, 435, 1572, 1194, 1408, 541, 305, 1290, 563, 804, 843, 464, 678, 7, 153, 456, 686, 1205, 124, 889, 438, 939, 1361, 570, 99, 429, 78, 738, 1530, 1551, 1553, 24, 158, 231, 1589, 1531, 640, 627, 976, 632, 1058, 118, 404, 897, 725, 491, 1184, 381, 926, 1391, 1493, 514, 782, 857, 653, 1438, 131, 693, 726, 616, 418, 481, 1027, 797, 1147, 776, 895, 523, 566, 1265, 468, 883, 1576, 1424, 102, 321, 1029, 654, 1225, 1076, 1317, 445, 949, 1413, 825, 1, 859, 357, 405, 537, 1004, 1032, 213, 96, 597, 218, 1494, 63, 286, 59, 1274, 1044, 421, 417, 675, 835, 1093, 498, 374, 1435, 1178, 76, 1428, 544, 1215, 310, 1316, 327, 575, 416, 80, 1518, 108, 907, 945, 959, 300, 243, 723, 192, 520, 363, 1570, 1444, 343, 390, 615, 169, 386, 780, 461, 1562, 142, 1036, 834, 121, 132, 944, 424, 556, 1231, 549, 890, 1053, 415, 651, 869, 517, 1585, 783, 259, 1490, 552, 1474, 774, 750, 258, 410, 542, 265, 1346, 239, 978, 441, 887, 958, 639, 621, 584, 1509, 58, 9, 831, 1087, 1580, 214, 88, 1069, 803, 1384, 100, 1108, 762, 1268, 1548, 818, 644, 377, 31, 1088, 1549, 351, 1271, 1221, 815, 846, 507, 443, 71, 236, 866, 1441, 557, 373, 249, 1101, 128, 816, 1495, 1312, 915, 867, 21, 728, 1095, 911, 161, 652, 197, 400, 982, 82, 1146, 1546, 311, 613, 501, 996, 193, 129, 1560, 48, 838, 185, 269, 1382, 515, 388, 1168, 1166, 473, 290, 1485, 1469, 57, 349, 270, 1561, 492, 808, 1120, 466, 559, 273, 713, 914, 775, 1072, 387, 814, 921, 900, 802, 741, 29, 157, 970, 551, 582, 659, 476, 302, 147, 1581, 83, 198, 845, 756, 1046, 331, 884, 1260, 819, 946, 588, 593, 1074, 419, 631, 758, 940, 1239, 918, 449, 477, 656, 555, 1066, 668, 452, 1103, 543, 574, 73, 166, 368, 856, 1394, 1179, 55, 960, 865, 235, 594, 707, 1479, 1047, 62, 179, 955, 1078, 910, 1554, 604, 223, 172, 211, 532, 110, 448, 1419, 391, 64, 347, 1099, 694, 530, 1073, 760, 1545, 392, 614, 375, 154, 733, 806, 407, 412, 196, 43, 33, 999, 1334, 1407, 689, 1470, 66, 853, 630, 345, 877, 1039, 697, 947, 1207, 54, 333, 312, 1045, 403, 528, 672, 229, 684, 425, 140, 149, 1550, 643, 579, 1035, 642, 764, 183, 89, 120, 485, 826, 1111, 72, 729, 688, 660, 450, 647, 662, 372, 484, 1321, 1571, 398, 822, 493, 446, 1559, 1025, 744, 527, 1267, 546, 174, 1242, 898, 146, 356, 809, 279, 184, 384, 152, 422, 1148, 263, 1177, 606, 778, 645, 1573, 156, 956, 749, 1429, 518, 878, 1567, 990, 287, 1557, 977, 1063, 665, 36, 1012, 399, 436, 650, 1565, 1489, 358, 791, 122, 1544, 799, 40, 703, 160, 757, 175, 316, 732, 44, 1468, 871, 488, 788, 992, 371, 1195, 522, 1037, 848, 25, 1402, 432, 565, 629, 87, 367, 299, 248, 554, 786, 942, 969, 886, 130, 1185, 70, 355, 127, 52, 881, 789, 687, 913, 539, 401, 558, 724, 206, 320, 1387, 1034, 439, 1062, 1232, 670, 85, 13, 793, 204, 1170, 336, 511, 864, 801, 849, 1209, 957, 116, 1090, 1151, 91, 203, 536, 199, 781, 1492, 673, 1132, 840, 1291, 755, 497, 138, 86, 467, 471, 411, 1249, 787, 1017, 682, 899, 746, 37, 490, 850, 901, 1110, 1266, 798, 1200, 414, 637, 383, 1005, 364, 837, 638, 699, 1247, 906, 1104, 903, 602, 1240, 772, 547, 189, 823, 1442, 777, 828, 303, 180, 53, 1018, 735, 1415, 603, 402, 1478, 242, 396, 904, 1041, 706, 943, 1193, 1121, 1048, 538, 1059, 394, 1564, 810, 408, 1496, 767, 1487, 1133, 769, 952, 241, 1028, 1491, 1112, 195, 1206, 39, 1021, 238, 875, 824, 734, 431, 346, 224, 695, 1246, 698, 1311, 348, 382, 1500, 94, 170, 51, 1464, 972, 1529, 35, 77, 4, 474, 339, 1555, 879, 771, 1220, 885, 852, 67, 291, 888, 745, 1563, 813, 529, 1118, 505, 233, 217, 145, 465, 573, 75, 1404, 759, 1376, 188, 830, 1055, 216, 376, 483, 462, 704, 257, 1113, 510, 1031, 151, 1305, 150, 795, 833, 868, 451, 322, 1498, 164, 923, 168, 1227, 182, 1307, 155, 60, 1577, 81, 891, 1591, 876, 1547, 679, 1540, 1587, 1210, 178, 948, 1030, 916, 663, 46, 1578, 186, 187, 1566, 315, 619, 69, 437, 820, 1091, 463, 176, 212, 1139, 1522, 227, 328, 288, 829, 716, 1000, 14, 572, 56, 954, 262, 329, 766, 827, 143, 201, 191, 326, 874, 667, 268, 1338, 1503, 397, 752, 486, 12, 622, 1011, 230, 1253, 95, 144, 912, 228, 578, 553, 1176, 47, 1109, 1119, 342, 739, 661, 237, 692, 1188, 851, 1222, 751, 590, 90, 873, 200, 920, 1219, 292, 524, 658, 283, 812, 626, 526, 1400, 240, 817, 420, 5, 905, 234, 1162, 354, 617, 470, 712, 779, 1590, 1569, 165, 409, 68, 748, 674, 589, 641, 478, 285, 807, 902, 508, 1100, 612, 860, 761, 1405, 513, 45, 208, 428, 648, 1484, 1353, 226, 506, 469, 1006, 1592, 1070, 261, 379, 841, 202, 635, 847, 997, 585, 1575, 657, 534, 800, 27, 581, 951, 1583, 576, 922, 1558, 502, 167, 427, 1192, 685, 1288, 863, 111, 1107, 1275, 341, 854, 998]
recall=0.9
precision=0.007964601769911504
fmeasure=0.015789473684210523
true_ratings=[5.0, 4.0, 5.0, 5.0, 3.0, 5.0, 4.0, 3.0, 1.0, 5.0]
pred_ratings=[4.2537273588288995, 3.4829759021937905, 3.82552840121543, 4.369601398995707, 4.199494293094605, 3.6659053201129974, 3.3032867255740053, 3.790465373477053, 3.50891216846666, 3.0286538084205046]
mae=1.1569192919696984
mse=1.7110708848804568

user=938
true_movies=[122, 125, 240, 313, 333, 477, 763, 864, 988, 1033]
pred_movies=[1230, 114, 1434, 714, 190, 504, 317, 882, 832, 11, 395, 567, 794, 1445, 773, 636, 378, 649, 1486, 730, 768, 1399, 209, 683, 1159, 583, 280, 314, 141, 307, 721, 294, 664, 577, 1539, 440, 1488, 177, 194, 770, 908, 690, 26, 389, 531, 101, 796, 385, 264, 475, 880, 1175, 65, 1218, 1501, 442, 1422, 340, 623, 646, 480, 1306, 722, 727, 1425, 41, 482, 338, 545, 700, 909, 137, 601, 917, 669, 516, 1167, 10, 163, 861, 821, 740, 318, 423, 210, 8, 1475, 319, 610, 747, 92, 844, 1579, 932, 792, 97, 444, 139, 494, 624, 489, 568, 350, 173, 858, 109, 560, 1318, 23, 709, 453, 215, 1412, 1517, 964, 1261, 17, 710, 301, 564, 413, 79, 1217, 1552, 306, 1043, 219, 30, 447, 720, 1007, 426, 666, 487, 561, 366, 1556, 365, 28, 702, 894, 42, 1574, 1208, 1499, 562, 1584, 1052, 1001, 1297, 393, 509, 719, 1244, 1228, 519, 512, 1423, 1042, 893, 2, 334, 1519, 1437, 919, 1248, 1588, 586, 705, 753, 1411, 971, 135, 361, 754, 16, 1421, 784, 1471, 715, 737, 1535, 691, 892, 353, 671, 839, 332, 430, 540, 708, 655, 1480, 1180, 941, 433, 49, 785, 254, 1065, 855, 205, 550, 521, 790, 434, 805, 569, 232, 571, 1229, 548, 271, 736, 525, 1359, 362, 1481, 61, 870, 1568, 862, 38, 765, 842, 1182, 1439, 763, 457, 308, 1250, 731, 625, 98, 896, 22, 313, 1308, 872, 32, 1224, 1586, 811, 1019, 455, 207, 380, 435, 1572, 1194, 1408, 541, 305, 1290, 563, 804, 843, 464, 153, 686, 1205, 124, 889, 438, 939, 1361, 570, 99, 429, 78, 738, 1530, 1551, 1553, 24, 158, 231, 1589, 1531, 640, 627, 976, 632, 1058, 404, 897, 725, 491, 1184, 381, 1391, 1493, 514, 782, 857, 653, 1438, 131, 693, 726, 616, 418, 481, 1027, 797, 1147, 776, 895, 523, 566, 1265, 468, 883, 1576, 1424, 102, 321, 1029, 654, 1225, 1076, 1317, 445, 949, 1413, 825, 859, 357, 537, 1004, 1032, 213, 96, 218, 1494, 63, 59, 1274, 1044, 421, 417, 675, 835, 1093, 498, 374, 1435, 1178, 76, 1428, 544, 1215, 310, 1316, 327, 575, 416, 80, 1518, 108, 907, 945, 959, 723, 192, 520, 363, 1570, 1444, 390, 615, 169, 386, 780, 461, 1562, 142, 1036, 834, 132, 944, 424, 556, 1231, 549, 890, 1053, 415, 651, 869, 517, 1585, 783, 1490, 552, 1474, 774, 750, 542, 265, 1346, 239, 978, 441, 887, 958, 639, 621, 584, 1509, 58, 831, 274, 1087, 1580, 214, 88, 1069, 803, 1384, 1108, 1268, 1548, 818, 644, 377, 31, 1088, 1549, 351, 1271, 1221, 846, 507, 443, 71, 236, 1441, 557, 373, 249, 1101, 128, 816, 1495, 1312, 915, 867, 21, 728, 1095, 911, 161, 652, 197, 400, 982, 82, 1146, 1546, 311, 613, 501, 996, 193, 129, 1560, 48, 838, 185, 269, 1382, 515, 388, 1168, 1166, 1485, 1469, 57, 349, 270, 1561, 492, 808, 1120, 466, 559, 713, 914, 775, 1072, 387, 814, 921, 900, 802, 741, 29, 157, 970, 551, 582, 659, 302, 147, 1581, 83, 198, 1046, 331, 884, 1142, 1260, 819, 946, 588, 593, 1074, 419, 631, 758, 940, 1239, 918, 449, 477, 656, 555, 1066, 668, 452, 1103, 543, 574, 73, 166, 368, 856, 1394, 1179, 55, 960, 865, 594, 707, 1479, 62, 179, 955, 1078, 910, 1554, 604, 223, 172, 211, 532, 110, 448, 1419, 391, 64, 347, 1099, 694, 530, 1073, 760, 1545, 392, 614, 375, 154, 733, 806, 407, 412, 196, 43, 33, 999, 1334, 1407, 689, 1470, 66, 853, 630, 345, 877, 1039, 697, 947, 1207, 54, 333, 312, 1045, 403, 528, 672, 229, 684, 425, 140, 149, 1550, 643, 579, 1035, 642, 764, 183, 89, 120, 485, 826, 1111, 72, 729, 688, 660, 450, 647, 662, 372, 484, 1321, 1571, 398, 822, 493, 446, 1559, 1025, 744, 527, 1267, 174, 1242, 898, 146, 356, 809, 279, 184, 384, 152, 422, 1148, 263, 1177, 606, 778, 645, 1573, 156, 956, 749, 1429, 518, 878, 1567, 990, 287, 1557, 977, 1063, 665, 36, 399, 436, 650, 1565, 1489, 791, 122, 1544, 799, 40, 703, 160, 757, 175, 316, 732, 44, 1468, 488, 788, 992, 371, 1195, 522, 1037, 848, 1402, 432, 565, 629, 87, 367, 299, 554, 786, 942, 969, 886, 130, 1185, 70, 355, 52, 881, 789, 687, 913, 539, 401, 558, 724, 206, 320, 1387, 1034, 439, 1062, 1232, 670, 85, 13, 793, 204, 1170, 336, 511, 864, 801, 849, 1209, 957, 116, 1090, 1151, 91, 203, 536, 199, 781, 1492, 673, 1132, 1291, 755, 497, 138, 86, 467, 1249, 787, 1017, 682, 899, 746, 37, 490, 850, 901, 1110, 1266, 798, 1200, 414, 637, 383, 1005, 364, 837, 638, 699, 1247, 906, 1104, 903, 602, 1240, 772, 547, 189, 1442, 777, 828, 303, 180, 53, 1018, 735, 1415, 603, 402, 1478, 242, 396, 904, 1041, 706, 943, 1193, 1121, 1048, 538, 1059, 394, 1564, 810, 408, 1496, 767, 1487, 1133, 769, 952, 241, 1491, 1112, 195, 1206, 39, 1021, 238, 875, 824, 734, 431, 346, 224, 695, 1246, 698, 1311, 348, 382, 1500, 94, 170, 51, 1464, 972, 1529, 35, 77, 4, 474, 339, 1555, 879, 771, 1220, 885, 852, 67, 888, 745, 1563, 813, 529, 1118, 505, 233, 217, 145, 465, 573, 75, 1404, 759, 1376, 188, 830, 1055, 216, 376, 483, 462, 704, 1113, 510, 1031, 1305, 150, 795, 833, 868, 451, 322, 1498, 164, 923, 168, 1227, 182, 1307, 155, 60, 1577, 81, 891, 1591, 876, 1547, 679, 1540, 1587, 1210, 178, 948, 1030, 916, 663, 46, 1578, 186, 187, 1566, 315, 619, 69, 437, 820, 1091, 463, 176, 212, 1139, 1522, 227, 716, 1000, 14, 572, 56, 954, 262, 329, 766, 827, 143, 201, 191, 326, 874, 667, 268, 1338, 1503, 397, 752, 486, 12, 622, 1011, 230, 1253, 95, 144, 912, 228, 578, 553, 1176, 47, 1109, 1119, 342, 739, 661, 692, 1188, 851, 1222, 751, 590, 90, 200, 920, 1219, 292, 524, 658, 283, 812, 626, 526, 1400, 240, 817, 420, 5, 905, 234, 1162, 354, 617, 470, 712, 779, 1590, 1569, 165, 409, 68, 674, 589, 641, 478, 285, 807, 902, 1100, 612, 860, 761, 1405, 513, 45, 208, 428, 648, 1484, 1353, 226, 506, 469, 1006, 1592, 1070, 261, 379, 202, 635, 847, 997, 585, 1575, 657, 534, 800, 27, 581, 951, 1583, 576, 922, 1558, 502, 167, 427, 1192, 1288, 863, 1107, 1275, 341, 854, 998]
recall=0.7
precision=0.006572769953051643
fmeasure=0.013023255813953487
true_ratings=[1.0, 3.0, 2.0, 5.0, 4.0, 1.0, 4.0, 4.0, 3.0, 2.0]
pred_ratings=[1.8935160023138042, 3.3167070281648345, 3.018024152192499, 4.635770145906748, 3.31931276391706, 3.380108610077733, 2.497159161126878, 3.987558011718109, 2.109426233919027, 2.6330117586210506]
mae=0.8692141234782099
mse=1.164847376771372

user=402
true_movies=[7, 16, 111, 126, 127, 234, 255, 257, 480, 764]
pred_movies=[1230, 114, 1434, 714, 190, 504, 317, 882, 832, 11, 395, 567, 794, 1445, 773, 284, 636, 378, 649, 1486, 730, 768, 1399, 209, 281, 683, 1159, 583, 280, 314, 141, 307, 721, 294, 664, 577, 1539, 440, 1488, 177, 194, 770, 908, 690, 26, 389, 531, 101, 796, 385, 264, 472, 880, 1175, 65, 1218, 1501, 442, 1422, 340, 623, 646, 480, 1306, 722, 727, 1425, 41, 482, 338, 545, 700, 909, 601, 917, 669, 516, 1167, 163, 861, 821, 740, 370, 225, 318, 423, 210, 8, 1475, 319, 610, 747, 92, 844, 1579, 932, 792, 97, 444, 139, 494, 624, 489, 568, 350, 173, 858, 109, 560, 1318, 23, 709, 453, 215, 1412, 105, 1517, 964, 1261, 17, 301, 564, 413, 79, 1217, 1552, 306, 1043, 219, 30, 447, 720, 260, 1007, 426, 666, 487, 561, 366, 1556, 365, 28, 702, 894, 1574, 1208, 1499, 562, 1584, 1052, 1001, 1297, 393, 509, 719, 1244, 1228, 519, 512, 1423, 1042, 893, 2, 334, 1519, 1437, 919, 1248, 1588, 586, 705, 753, 1411, 971, 361, 754, 16, 1421, 784, 1471, 715, 737, 1535, 691, 892, 353, 671, 323, 839, 332, 430, 540, 708, 655, 1480, 1180, 941, 433, 49, 785, 254, 1065, 855, 205, 550, 521, 790, 434, 406, 805, 250, 569, 232, 571, 1229, 289, 548, 271, 596, 736, 525, 1359, 362, 1481, 61, 870, 1568, 862, 38, 765, 842, 1182, 1439, 763, 457, 308, 1250, 731, 625, 98, 896, 22, 313, 1308, 872, 1224, 1586, 811, 1019, 207, 380, 435, 1572, 1194, 1408, 541, 305, 1290, 563, 804, 843, 464, 678, 7, 153, 456, 686, 1205, 889, 438, 939, 1361, 570, 99, 429, 78, 738, 1530, 1551, 1553, 24, 158, 231, 1589, 1531, 640, 627, 976, 632, 1058, 404, 897, 725, 491, 1184, 381, 926, 1391, 1493, 514, 782, 857, 653, 1438, 131, 693, 726, 616, 418, 481, 1027, 797, 1147, 776, 895, 523, 566, 1265, 468, 883, 1576, 1424, 102, 321, 1029, 654, 1225, 1076, 1317, 445, 949, 1413, 825, 859, 357, 405, 537, 1004, 1032, 213, 597, 218, 1494, 63, 59, 1274, 1044, 421, 417, 675, 835, 1093, 498, 374, 1435, 1178, 76, 1428, 544, 1215, 310, 1316, 327, 575, 416, 80, 1518, 108, 907, 945, 959, 300, 243, 723, 192, 520, 363, 1570, 1444, 343, 390, 615, 169, 386, 780, 461, 1562, 142, 1036, 834, 121, 132, 944, 424, 556, 1231, 549, 890, 1053, 415, 651, 869, 517, 1585, 783, 259, 1490, 552, 1474, 774, 750, 542, 265, 1346, 239, 978, 441, 887, 958, 639, 621, 584, 1509, 58, 831, 274, 1087, 1580, 214, 88, 1069, 803, 1384, 1108, 762, 1268, 1548, 818, 644, 377, 31, 1088, 1549, 351, 1271, 1221, 815, 846, 507, 443, 71, 236, 866, 1441, 557, 373, 249, 128, 816, 1495, 1312, 915, 867, 21, 728, 1095, 911, 161, 652, 197, 400, 982, 82, 1146, 1546, 311, 613, 501, 996, 193, 129, 1560, 838, 185, 269, 1382, 388, 1168, 1166, 473, 290, 1485, 1469, 57, 349, 270, 1561, 492, 808, 1120, 466, 559, 713, 914, 775, 1072, 387, 814, 921, 900, 802, 741, 29, 157, 970, 551, 582, 659, 302, 147, 1581, 83, 198, 845, 756, 1046, 331, 884, 1142, 1260, 819, 946, 588, 593, 1074, 419, 631, 758, 940, 1239, 918, 449, 477, 656, 555, 1066, 668, 452, 1103, 543, 574, 73, 166, 368, 856, 1394, 1179, 55, 960, 865, 594, 707, 1479, 1047, 62, 179, 955, 1078, 910, 1554, 604, 223, 172, 211, 532, 110, 448, 1419, 391, 64, 347, 1099, 694, 530, 1073, 760, 1545, 392, 614, 375, 154, 733, 806, 407, 412, 196, 43, 33, 999, 1334, 1407, 689, 1470, 66, 853, 630, 345, 877, 1039, 697, 947, 1207, 54, 333, 312, 1045, 403, 528, 672, 229, 684, 425, 140, 149, 1550, 643, 579, 1035, 642, 764, 183, 89, 120, 485, 826, 1111, 72, 729, 688, 660, 450, 647, 662, 372, 484, 1321, 1571, 398, 822, 493, 446, 1559, 1025, 744, 527, 1267, 546, 174, 1242, 898, 146, 356, 809, 279, 184, 384, 152, 422, 1148, 263, 1177, 606, 778, 645, 1573, 156, 956, 749, 1429, 518, 878, 1567, 990, 287, 1557, 977, 1063, 665, 36, 1012, 399, 436, 650, 1565, 1489, 358, 791, 122, 1544, 799, 40, 703, 160, 757, 175, 316, 732, 44, 1468, 871, 488, 788, 992, 371, 1195, 522, 1037, 848, 1402, 432, 565, 629, 87, 367, 299, 248, 554, 786, 942, 969, 886, 130, 1185, 70, 355, 127, 52, 881, 789, 687, 913, 539, 401, 558, 724, 206, 320, 1387, 1034, 439, 1062, 1232, 670, 85, 793, 1170, 336, 801, 849, 1209, 957, 1090, 1151, 91, 203, 536, 199, 781, 1492, 673, 1132, 840, 1291, 755, 497, 138, 86, 467, 411, 1249, 787, 1017, 682, 899, 746, 37, 490, 850, 901, 1110, 1266, 798, 1200, 414, 637, 383, 1005, 364, 837, 638, 699, 1247, 906, 1104, 903, 602, 1240, 772, 547, 189, 823, 1442, 777, 828, 303, 180, 53, 1018, 735, 1415, 603, 402, 1478, 242, 396, 904, 1041, 706, 943, 1193, 1121, 538, 1059, 394, 1564, 810, 1496, 767, 1487, 1133, 769, 952, 241, 1028, 1491, 1112, 195, 1206, 39, 1021, 238, 875, 824, 734, 431, 346, 224, 695, 1246, 698, 1311, 348, 382, 1500, 94, 170, 51, 1464, 972, 1529, 35, 77, 4, 474, 339, 1555, 879, 771, 1220, 885, 852, 67, 291, 888, 745, 1563, 813, 1118, 505, 233, 217, 145, 465, 573, 75, 1404, 759, 1376, 188, 830, 1055, 216, 376, 462, 704, 257, 1113, 1031, 1305, 150, 795, 833, 868, 451, 322, 1498, 164, 923, 1227, 1307, 155, 60, 1577, 81, 891, 1591, 876, 1547, 679, 1540, 1587, 1210, 178, 948, 1030, 916, 663, 46, 1578, 186, 187, 1566, 315, 619, 69, 437, 820, 1091, 463, 176, 212, 1139, 1522, 227, 328, 288, 829, 716, 1000, 14, 572, 56, 954, 262, 329, 766, 827, 143, 201, 191, 326, 874, 667, 268, 1338, 1503, 397, 752, 486, 622, 1011, 230, 1253, 144, 912, 578, 553, 1176, 47, 1109, 1119, 342, 739, 661, 692, 1188, 851, 1222, 751, 590, 90, 873, 200, 920, 1219, 292, 524, 658, 283, 812, 626, 526, 1400, 240, 817, 420, 5, 905, 234, 1162, 354, 617, 470, 712, 779, 1590, 1569, 165, 409, 68, 674, 589, 641, 478, 285, 807, 902, 508, 1100, 612, 860, 761, 1405, 513, 45, 208, 428, 648, 1484, 1353, 226, 506, 469, 1006, 1592, 1070, 261, 379, 841, 202, 635, 847, 997, 585, 1575, 657, 534, 800, 27, 581, 951, 1583, 576, 922, 1558, 502, 167, 427, 1192, 685, 1288, 863, 111, 1107, 1275, 341, 854, 998]
recall=0.8
precision=0.007352941176470588
fmeasure=0.014571948998178506
true_ratings=[4.0, 3.0, 4.0, 4.0, 5.0, 4.0, 4.0, 4.0, 5.0, 3.0]
pred_ratings=[4.100451238988081, 3.9253612936870668, 4.468354978908335, 4.14486939545669, 5.926482687020779, 5.373058808592399, 3.711465953440884, 4.525815979782704, 4.606831815282364, 3.2362329298224832]
mae=0.538232954353529
mse=0.44205097237043756

user=669
true_movies=[23, 169, 257, 326, 340, 462, 505, 521, 537, 898]
pred_movies=[1230, 1434, 714, 504, 317, 882, 832, 11, 395, 567, 794, 1445, 773, 284, 636, 378, 1486, 730, 768, 1399, 209, 281, 683, 1159, 583, 280, 314, 141, 307, 721, 294, 577, 1539, 440, 1488, 177, 770, 908, 690, 26, 389, 101, 796, 385, 264, 472, 880, 1175, 65, 1218, 1501, 442, 1422, 340, 623, 646, 1306, 722, 727, 1425, 41, 338, 545, 700, 909, 137, 601, 917, 669, 516, 1167, 10, 163, 861, 821, 740, 370, 225, 318, 423, 210, 8, 1475, 319, 610, 747, 92, 844, 1579, 932, 792, 444, 139, 494, 624, 489, 568, 350, 173, 858, 109, 560, 1318, 23, 709, 453, 215, 1412, 105, 1517, 964, 1261, 17, 710, 301, 564, 413, 1217, 1552, 306, 1043, 219, 30, 447, 720, 260, 1007, 426, 666, 487, 561, 366, 1556, 365, 28, 702, 894, 42, 1574, 1208, 1499, 562, 1584, 1052, 1001, 1297, 393, 509, 719, 1244, 1228, 519, 512, 1423, 591, 1042, 893, 2, 334, 1519, 1437, 919, 1248, 1588, 586, 705, 753, 1411, 971, 135, 361, 754, 16, 1421, 784, 1471, 715, 737, 1535, 691, 892, 353, 671, 839, 332, 430, 540, 708, 655, 1480, 1180, 941, 433, 49, 785, 254, 1065, 855, 550, 521, 790, 434, 406, 805, 250, 569, 232, 571, 1229, 289, 548, 596, 736, 525, 1359, 362, 1481, 61, 870, 1568, 862, 38, 765, 842, 1182, 1439, 763, 457, 308, 1250, 731, 625, 98, 896, 1308, 872, 32, 1224, 1586, 811, 1019, 455, 207, 380, 435, 1572, 1194, 1408, 541, 305, 1290, 563, 804, 843, 464, 678, 153, 456, 686, 1205, 124, 889, 438, 939, 1361, 570, 99, 429, 78, 738, 1530, 1551, 1553, 24, 158, 231, 1589, 1531, 640, 627, 976, 632, 1058, 404, 897, 725, 491, 1184, 381, 926, 1391, 1493, 782, 857, 653, 1438, 131, 693, 726, 616, 418, 481, 1027, 797, 1147, 776, 895, 566, 1265, 468, 883, 1576, 1424, 102, 321, 1029, 1225, 1076, 1317, 445, 949, 1413, 825, 859, 405, 537, 1004, 1032, 213, 597, 218, 1494, 63, 286, 59, 1274, 1044, 421, 417, 675, 835, 1093, 498, 374, 1435, 1178, 76, 1428, 544, 1215, 1316, 327, 575, 416, 80, 1518, 108, 907, 945, 959, 243, 723, 520, 363, 1570, 1444, 343, 390, 615, 169, 386, 780, 461, 1562, 142, 1036, 834, 944, 424, 556, 1231, 549, 890, 1053, 415, 651, 869, 1585, 783, 259, 1490, 552, 1474, 774, 750, 410, 542, 265, 1346, 239, 978, 441, 887, 958, 639, 621, 584, 1509, 58, 9, 831, 274, 1087, 1580, 214, 88, 1069, 803, 1384, 100, 1108, 762, 1268, 1548, 818, 644, 377, 31, 1088, 1549, 351, 1271, 1221, 815, 846, 507, 443, 71, 236, 866, 1441, 557, 373, 249, 1101, 128, 816, 1495, 1312, 867, 21, 728, 1095, 911, 161, 652, 197, 400, 982, 1146, 1546, 311, 613, 501, 996, 193, 129, 1560, 48, 838, 185, 1382, 388, 1168, 1166, 473, 1485, 1469, 57, 349, 270, 1561, 492, 808, 1120, 466, 559, 273, 713, 914, 775, 1072, 387, 814, 921, 900, 802, 741, 29, 157, 970, 551, 582, 659, 476, 147, 1581, 83, 198, 845, 756, 1046, 331, 884, 1142, 1260, 819, 946, 588, 593, 1074, 419, 631, 758, 940, 1239, 918, 449, 477, 656, 555, 1066, 668, 452, 1103, 543, 574, 73, 166, 368, 856, 1394, 1179, 55, 960, 865, 594, 707, 1479, 1047, 62, 179, 955, 1078, 910, 1554, 604, 223, 211, 532, 110, 448, 1419, 391, 1099, 694, 530, 1073, 760, 1545, 392, 375, 154, 733, 806, 407, 412, 43, 33, 999, 1334, 1407, 689, 1470, 66, 853, 630, 345, 877, 1039, 697, 947, 1207, 54, 333, 312, 1045, 403, 528, 672, 229, 684, 425, 140, 149, 1550, 643, 579, 1035, 642, 764, 89, 120, 485, 826, 1111, 72, 729, 688, 660, 450, 662, 372, 484, 1321, 1571, 398, 822, 493, 446, 1559, 1025, 744, 1267, 546, 1242, 898, 146, 356, 809, 279, 184, 384, 152, 422, 1148, 263, 1177, 606, 778, 645, 1573, 156, 956, 1429, 518, 878, 1567, 990, 287, 1557, 977, 1063, 665, 36, 1012, 399, 436, 650, 1565, 1489, 358, 791, 122, 1544, 799, 40, 703, 160, 757, 316, 732, 44, 1468, 871, 488, 788, 992, 371, 1195, 1037, 848, 25, 1402, 432, 565, 629, 87, 367, 299, 554, 786, 942, 969, 886, 130, 1185, 70, 52, 881, 789, 687, 913, 539, 401, 558, 724, 206, 320, 1387, 1034, 439, 1062, 1232, 670, 85, 13, 793, 204, 1170, 336, 864, 801, 849, 1209, 957, 116, 1090, 1151, 91, 203, 536, 199, 781, 1492, 673, 1132, 840, 1291, 755, 497, 138, 86, 467, 471, 411, 1249, 787, 1017, 682, 899, 746, 37, 850, 901, 1110, 1266, 798, 1200, 414, 637, 383, 1005, 364, 837, 638, 699, 1247, 906, 1104, 903, 602, 1240, 772, 547, 189, 823, 1442, 777, 828, 303, 180, 53, 1018, 735, 1415, 402, 1478, 242, 396, 904, 1041, 706, 943, 1193, 1121, 1048, 538, 1059, 394, 1564, 810, 1496, 767, 1487, 1133, 769, 952, 241, 1028, 1491, 1112, 1206, 39, 1021, 238, 875, 824, 734, 431, 346, 224, 695, 1246, 698, 1311, 382, 1500, 94, 170, 51, 1464, 972, 1529, 35, 77, 4, 339, 1555, 771, 1220, 885, 852, 67, 291, 888, 745, 1563, 813, 529, 1118, 505, 233, 217, 145, 465, 573, 75, 1404, 759, 1376, 188, 830, 1055, 376, 462, 704, 257, 1113, 510, 1031, 1305, 795, 833, 868, 451, 322, 1498, 164, 923, 1227, 182, 1307, 155, 60, 1577, 81, 891, 1591, 876, 1547, 679, 1540, 1587, 1210, 178, 948, 1030, 916, 663, 46, 1578, 186, 1566, 315, 619, 69, 437, 820, 1091, 463, 176, 212, 1139, 1522, 227, 328, 288, 829, 716, 1000, 14, 572, 954, 262, 766, 827, 143, 201, 326, 874, 667, 1338, 1503, 397, 752, 486, 622, 1011, 230, 1253, 95, 144, 912, 228, 578, 553, 1176, 47, 1109, 1119, 342, 739, 661, 237, 692, 1188, 851, 1222, 751, 590, 90, 873, 200, 920, 1219, 292, 524, 658, 283, 812, 626, 526, 1400, 240, 817, 420, 5, 905, 234, 1162, 617, 470, 712, 779, 1590, 1569, 165, 409, 68, 748, 674, 589, 641, 478, 285, 807, 1100, 612, 860, 761, 1405, 513, 45, 428, 648, 1484, 1353, 226, 506, 469, 1006, 1592, 1070, 261, 379, 841, 202, 635, 847, 997, 585, 1575, 534, 800, 27, 581, 951, 1583, 576, 922, 1558, 502, 167, 1192, 685, 1288, 863, 1107, 1275, 341, 275, 854, 998]
recall=1.0
precision=0.009487666034155597
fmeasure=0.018796992481203006
true_ratings=[4.0, 3.0, 3.0, 1.0, 4.0, 5.0, 3.0, 4.0, 3.0, 1.0]
pred_ratings=[5.396342493678959, 3.8631481940220773, 4.060094618873786, 3.252690551734119, 3.109346505572866, 4.028890888417544, 3.5986032677603, 4.38375851391457, 3.263939207081736, 2.448207143037998]
mae=1.0128546596113135
mse=1.3302093344424653

user=592
true_movies=[20, 50, 79, 124, 204, 297, 323, 418, 433, 969]
pred_movies=[419, 1230, 114, 758, 1434, 940, 1239, 918, 449, 477, 656, 190, 555, 504, 714, 1066, 317, 668, 832, 882, 452, 395, 567, 1103, 794, 1445, 543, 574, 73, 166, 773, 856, 368, 1394, 284, 1179, 636, 960, 378, 865, 594, 649, 1486, 707, 1479, 62, 768, 1399, 955, 209, 1078, 910, 1554, 604, 1159, 583, 280, 314, 211, 141, 532, 721, 664, 110, 577, 448, 1539, 1419, 391, 440, 1099, 1488, 694, 530, 760, 1545, 392, 177, 770, 614, 375, 908, 690, 26, 154, 733, 407, 389, 412, 43, 33, 999, 1334, 1407, 1470, 66, 101, 630, 796, 697, 385, 947, 1207, 54, 880, 1175, 65, 1218, 1501, 442, 1422, 1045, 623, 403, 646, 528, 1306, 672, 722, 229, 727, 684, 41, 1425, 1550, 545, 700, 909, 643, 579, 1035, 642, 764, 601, 917, 669, 516, 120, 1167, 485, 10, 163, 826, 861, 1111, 72, 729, 660, 450, 647, 662, 372, 821, 1321, 740, 1571, 398, 822, 370, 225, 493, 446, 1559, 1267, 210, 1475, 610, 1242, 1579, 932, 146, 356, 809, 792, 279, 384, 152, 444, 139, 494, 624, 489, 422, 1148, 858, 1177, 606, 778, 645, 1573, 156, 956, 749, 560, 1429, 878, 1567, 990, 1318, 1557, 709, 977, 453, 1063, 665, 36, 105, 1412, 1517, 964, 399, 1261, 436, 650, 1565, 17, 710, 564, 413, 79, 1217, 1489, 1552, 791, 1544, 799, 1043, 219, 40, 703, 160, 757, 30, 447, 720, 175, 1007, 316, 426, 732, 44, 1468, 666, 871, 561, 488, 788, 487, 366, 1556, 992, 365, 371, 1195, 894, 1037, 848, 1574, 25, 1402, 565, 1499, 1208, 629, 562, 1584, 1052, 50, 554, 1001, 786, 942, 1297, 969, 393, 130, 1185, 509, 719, 1244, 1228, 519, 1423, 355, 52, 687, 913, 1042, 539, 401, 724, 206, 2, 1387, 1519, 1034, 1437, 439, 1248, 1588, 1062, 586, 1232, 753, 1411, 670, 85, 361, 16, 1421, 784, 793, 204, 1471, 715, 1170, 737, 511, 1535, 691, 864, 801, 849, 353, 671, 323, 839, 1209, 540, 430, 957, 708, 1090, 1151, 91, 1480, 1180, 941, 433, 49, 785, 254, 536, 1065, 855, 205, 550, 790, 434, 199, 406, 781, 673, 805, 1132, 569, 1492, 840, 1291, 755, 232, 571, 497, 138, 86, 1229, 548, 596, 736, 525, 1249, 787, 899, 746, 37, 1359, 362, 490, 850, 1481, 901, 870, 1110, 1266, 1568, 798, 1200, 414, 862, 38, 637, 765, 842, 1182, 1439, 383, 1005, 364, 837, 638, 699, 1247, 308, 1250, 731, 906, 625, 1104, 896, 903, 602, 1240, 772, 1308, 872, 1224, 1586, 1442, 811, 777, 828, 1019, 207, 380, 435, 53, 1572, 1018, 1194, 1408, 541, 1290, 563, 804, 1415, 843, 464, 153, 456, 402, 1478, 396, 1205, 124, 889, 438, 904, 1041, 706, 1361, 943, 1193, 570, 1121, 429, 538, 78, 738, 1530, 1551, 394, 1553, 1564, 158, 810, 231, 1589, 1531, 1496, 640, 627, 976, 632, 1058, 767, 1487, 404, 897, 725, 1133, 769, 491, 241, 1028, 381, 926, 1491, 1112, 1391, 1493, 1206, 39, 857, 1021, 653, 1438, 824, 131, 734, 693, 726, 616, 418, 481, 1027, 695, 1246, 797, 1147, 776, 698, 348, 1311, 523, 566, 1500, 94, 51, 468, 883, 1464, 972, 1576, 1424, 1529, 35, 77, 474, 102, 321, 1029, 1555, 1225, 1076, 1317, 445, 949, 1413, 879, 859, 771, 1220, 537, 852, 67, 888, 745, 1004, 1563, 529, 1032, 1118, 505, 213, 233, 217, 145, 218, 1494, 63, 465, 573, 75, 1404, 759, 1376, 1274, 830, 1044, 417, 675, 835, 1093, 1055, 498, 374, 1435, 376, 1178, 76, 462, 1428, 704, 1215, 310, 1316, 575, 416, 80, 1518, 108, 907, 945, 959, 300, 723, 1113, 510, 1031, 520, 363, 1570, 1305, 1444, 795, 868, 615, 390, 451, 1498, 164, 923, 386, 1227, 780, 1307, 1562, 142, 155, 1036, 834, 1577, 891, 1591, 944, 1547, 679, 424, 1540, 1587, 556, 1231, 1210, 549, 948, 1030, 916, 1053, 415, 663, 651, 46, 869, 517, 1578, 783, 1585, 186, 1490, 552, 1474, 774, 1566, 437, 1091, 542, 1346, 239, 978, 441, 212, 1139, 1522, 958, 227, 621, 639, 584, 829, 1509, 831, 274, 1087, 716, 1580, 214, 88, 1000, 572, 1069, 954, 329, 766, 827, 803, 143, 874, 667, 1384, 1338, 1108, 1503, 1268, 397, 1548, 818, 644, 377, 31, 1088, 486, 1549, 622, 351, 1271, 1221, 230, 1253, 846, 507, 912, 228, 578, 553, 1176, 866, 1109, 557, 1119, 739, 1441, 373, 1101, 661, 128, 692, 1188, 851, 816, 1495, 1222, 1312, 915, 590, 90, 873, 867, 200, 21, 728, 1095, 920, 1219, 911, 161, 524, 658, 812, 626, 400, 982, 1400, 240, 82, 817, 420, 1146, 5, 905, 1162, 617, 1546, 470, 311, 712, 779, 613, 996, 1590, 1569, 165, 68, 674, 1560, 641, 478, 838, 1382, 515, 388, 1168, 807, 902, 473, 1100, 290, 1485, 612, 860, 761, 1469, 1405, 57, 513, 45, 208, 270, 349, 492, 428, 808, 1120, 1561, 648, 1484, 1353, 226, 506, 559, 775, 914, 387, 814, 713, 1072, 921, 1006, 1592, 802, 379, 741, 29, 841, 970, 551, 635, 582, 659, 476, 997, 585, 1575, 1581, 83, 800, 27, 756, 581, 951, 1046, 1583, 576, 1558, 502, 884, 167, 1192, 1288, 1260, 863, 819, 946, 111, 1107, 341, 588, 593, 1074, 275, 998]
recall=0.8
precision=0.009302325581395349
fmeasure=0.01839080459770115
true_ratings=[4.0, 5.0, 4.0, 5.0, 5.0, 5.0, 1.0, 4.0, 5.0, 4.0]
pred_ratings=[3.665902696370906, 5.515212415066756, 4.848167554964112, 4.5247203037575625, 5.515212415066756, 4.051982781249077, 3.405639063178634, 4.51464512491279, 5.11631824705689, 4.196527707665904]
mae=0.6869116746534297
mse=0.8590636292938691

user=205
true_movies=[258, 269, 289, 304, 313, 316, 326, 333, 678, 984]
pred_movies=[1230, 114, 1434, 714, 190, 504, 317, 882, 832, 11, 395, 567, 794, 1445, 773, 284, 636, 378, 649, 1486, 730, 768, 1399, 209, 281, 683, 1159, 583, 280, 314, 141, 307, 721, 664, 577, 1539, 440, 1488, 177, 194, 770, 908, 690, 26, 389, 531, 101, 276, 796, 385, 264, 475, 472, 880, 1175, 65, 1218, 1501, 442, 1422, 340, 623, 646, 480, 1306, 722, 727, 1425, 41, 482, 338, 545, 700, 909, 137, 601, 917, 669, 516, 1167, 10, 163, 861, 821, 181, 740, 370, 225, 318, 423, 210, 8, 1475, 319, 610, 747, 92, 222, 844, 1579, 932, 792, 97, 444, 139, 494, 624, 489, 568, 350, 173, 858, 109, 560, 1318, 23, 709, 453, 215, 1412, 105, 1517, 964, 1261, 17, 710, 301, 564, 413, 79, 1217, 1552, 306, 1043, 219, 30, 447, 720, 260, 1007, 426, 666, 487, 561, 366, 1556, 365, 28, 702, 894, 42, 1574, 1208, 1499, 562, 1584, 1052, 1001, 1297, 393, 509, 719, 1244, 1228, 519, 512, 1423, 591, 1042, 893, 2, 334, 1519, 1437, 919, 1248, 1588, 117, 586, 705, 753, 1411, 971, 135, 361, 754, 16, 1421, 784, 1471, 715, 737, 1535, 691, 892, 353, 671, 323, 839, 332, 430, 540, 708, 655, 1480, 1180, 941, 433, 49, 785, 254, 1065, 855, 205, 550, 521, 790, 434, 406, 805, 250, 569, 232, 571, 1229, 289, 548, 271, 596, 736, 525, 1359, 362, 1481, 61, 870, 1568, 862, 38, 765, 842, 1182, 1439, 763, 457, 308, 1250, 731, 625, 98, 896, 22, 313, 1308, 872, 32, 1224, 1586, 811, 1019, 455, 207, 380, 435, 1572, 1194, 1408, 541, 305, 1290, 563, 804, 843, 464, 678, 7, 153, 456, 686, 1205, 124, 889, 438, 939, 1361, 570, 99, 429, 78, 738, 1530, 1551, 1553, 24, 158, 231, 1589, 1531, 640, 627, 976, 632, 1058, 118, 404, 897, 725, 491, 1184, 381, 926, 1391, 1493, 514, 782, 857, 653, 1438, 131, 693, 726, 616, 418, 481, 1027, 797, 1147, 776, 895, 523, 566, 1265, 468, 883, 1576, 1424, 102, 321, 1029, 654, 1225, 1076, 1317, 445, 949, 1413, 825, 1, 859, 357, 405, 537, 1004, 1032, 213, 96, 597, 218, 1494, 63, 59, 1274, 1044, 421, 417, 675, 835, 1093, 498, 374, 1435, 1178, 76, 1428, 544, 1215, 310, 1316, 327, 575, 416, 80, 1518, 108, 907, 945, 959, 723, 192, 520, 363, 1570, 1444, 343, 390, 615, 169, 386, 780, 461, 1562, 142, 1036, 834, 121, 132, 944, 424, 556, 1231, 549, 890, 1053, 415, 651, 869, 517, 1585, 783, 259, 1490, 552, 1474, 774, 750, 258, 410, 542, 265, 1346, 239, 978, 441, 887, 958, 639, 621, 584, 1509, 58, 9, 831, 274, 1087, 1580, 214, 88, 1069, 803, 1384, 100, 1108, 762, 1268, 1548, 818, 644, 377, 31, 1088, 1549, 351, 1271, 1221, 815, 846, 507, 443, 71, 236, 866, 1441, 557, 373, 249, 1101, 128, 816, 1495, 1312, 915, 867, 21, 728, 1095, 911, 161, 652, 197, 400, 982, 82, 1146, 1546, 311, 613, 501, 996, 193, 129, 1560, 48, 838, 185, 269, 1382, 515, 388, 1168, 1166, 473, 290, 1485, 1469, 57, 349, 270, 1561, 492, 808, 1120, 466, 559, 273, 713, 914, 775, 1072, 387, 814, 921, 900, 802, 741, 29, 157, 970, 551, 582, 659, 476, 302, 147, 1581, 83, 198, 845, 756, 1046, 331, 884, 1142, 1260, 819, 946, 588, 593, 1074, 419, 631, 758, 940, 1239, 918, 449, 477, 656, 555, 1066, 668, 452, 1103, 543, 574, 73, 166, 368, 856, 1394, 1179, 55, 960, 865, 235, 594, 707, 1479, 1047, 62, 179, 955, 1078, 910, 1554, 604, 223, 172, 211, 532, 110, 448, 1419, 391, 64, 347, 1099, 694, 530, 1073, 760, 1545, 392, 614, 375, 154, 733, 806, 407, 412, 196, 43, 33, 999, 1334, 1407, 689, 1470, 66, 853, 630, 345, 877, 1039, 697, 947, 1207, 54, 333, 312, 1045, 403, 528, 672, 229, 684, 425, 140, 149, 1550, 643, 579, 1035, 642, 764, 183, 89, 120, 485, 826, 1111, 72, 729, 688, 660, 450, 647, 662, 372, 484, 1321, 1571, 398, 822, 493, 446, 1559, 744, 527, 1267, 546, 174, 1242, 898, 146, 356, 809, 279, 184, 384, 152, 422, 1148, 263, 1177, 606, 778, 645, 1573, 156, 956, 749, 1429, 518, 878, 1567, 990, 287, 1557, 977, 1063, 665, 36, 1012, 399, 436, 650, 1565, 1489, 358, 791, 122, 1544, 799, 40, 703, 160, 757, 175, 316, 732, 44, 1468, 871, 488, 788, 992, 371, 1195, 522, 1037, 848, 25, 1402, 432, 565, 629, 87, 367, 299, 50, 248, 554, 786, 942, 969, 886, 130, 1185, 70, 355, 127, 52, 881, 789, 687, 913, 539, 401, 558, 724, 206, 320, 1387, 1034, 439, 1062, 1232, 670, 85, 13, 793, 204, 1170, 336, 511, 864, 801, 849, 1209, 957, 116, 1090, 1151, 91, 203, 536, 199, 781, 1492, 673, 1132, 840, 1291, 755, 497, 138, 86, 467, 471, 411, 1249, 787, 1017, 682, 899, 746, 37, 490, 850, 901, 1110, 1266, 798, 1200, 414, 637, 383, 1005, 364, 837, 638, 699, 1247, 906, 1104, 903, 602, 1240, 772, 547, 189, 823, 1442, 777, 828, 303, 180, 53, 1018, 735, 1415, 603, 402, 1478, 396, 904, 1041, 706, 943, 1193, 1121, 1048, 538, 1059, 394, 1564, 810, 408, 1496, 767, 1487, 1133, 769, 952, 241, 1028, 1491, 1112, 195, 1206, 39, 1021, 238, 824, 734, 431, 346, 224, 695, 1246, 698, 1311, 348, 382, 1500, 94, 170, 51, 1464, 972, 1529, 35, 77, 4, 474, 339, 1555, 879, 771, 1220, 885, 852, 67, 291, 888, 745, 1563, 813, 529, 1118, 505, 233, 217, 145, 465, 573, 75, 1404, 759, 1376, 188, 830, 1055, 216, 376, 483, 462, 704, 257, 1113, 510, 1031, 151, 1305, 150, 795, 833, 868, 451, 1498, 164, 923, 168, 1227, 182, 1307, 155, 60, 1577, 81, 891, 1591, 876, 1547, 679, 1540, 1587, 1210, 178, 948, 1030, 916, 663, 46, 1578, 186, 187, 1566, 619, 69, 437, 820, 1091, 463, 176, 212, 1139, 1522, 227, 288, 829, 716, 1000, 14, 572, 56, 954, 262, 329, 766, 827, 143, 201, 191, 326, 874, 667, 1338, 1503, 397, 752, 486, 12, 622, 1011, 230, 1253, 95, 144, 912, 228, 578, 553, 1176, 47, 1109, 1119, 342, 739, 661, 237, 692, 1188, 851, 1222, 751, 590, 90, 873, 200, 920, 1219, 292, 524, 658, 283, 812, 626, 526, 1400, 240, 817, 420, 5, 905, 234, 1162, 354, 617, 470, 712, 779, 1590, 1569, 165, 409, 68, 674, 589, 641, 478, 285, 807, 902, 508, 1100, 612, 860, 761, 1405, 513, 45, 208, 428, 648, 1484, 1353, 226, 506, 469, 1006, 1592, 1070, 261, 379, 841, 202, 635, 847, 997, 585, 1575, 657, 534, 800, 27, 581, 951, 1583, 576, 922, 1558, 502, 167, 427, 1192, 685, 1288, 863, 111, 1107, 1275, 341, 275, 854, 998]
recall=0.8
precision=0.007104795737122558
fmeasure=0.014084507042253521
true_ratings=[3.0, 3.0, 4.0, 3.0, 3.0, 4.0, 4.0, 4.0, 1.0, 1.0]
pred_ratings=[3.2220312587031517, 2.726712729141286, 2.032706342201926, 2.6886325928402703, 4.090058664936854, 3.8624696648408183, 2.591806116806742, 2.763045591999406, 2.244499202450127, 2.11454841614081]
mae=0.9005764504400494
mse=1.160238295355752

user=726
true_movies=[249, 257, 274, 310, 355, 819, 845, 1014, 1028, 1059]
pred_movies=[1230, 114, 1434, 714, 190, 504, 317, 882, 11, 395, 567, 794, 1445, 773, 284, 636, 378, 649, 1486, 730, 768, 1399, 209, 281, 683, 1159, 583, 280, 314, 141, 307, 721, 664, 577, 1539, 440, 1488, 177, 194, 770, 908, 690, 26, 389, 531, 101, 276, 796, 385, 264, 475, 472, 880, 1175, 65, 1218, 1501, 442, 1422, 340, 623, 646, 480, 1306, 722, 727, 1425, 41, 482, 338, 545, 700, 909, 137, 601, 917, 669, 516, 1167, 10, 163, 861, 821, 181, 740, 370, 225, 318, 423, 210, 8, 1475, 319, 610, 747, 92, 222, 844, 1579, 932, 792, 97, 444, 139, 494, 624, 489, 568, 350, 173, 858, 109, 560, 1318, 23, 709, 453, 215, 1412, 105, 1517, 964, 1261, 17, 710, 301, 564, 413, 79, 1217, 1552, 306, 1043, 219, 30, 447, 720, 260, 1007, 426, 666, 487, 561, 366, 1556, 365, 28, 702, 894, 42, 1574, 1208, 1499, 562, 1584, 1052, 1001, 1297, 393, 509, 719, 1244, 1228, 519, 512, 1423, 591, 1042, 893, 2, 334, 1519, 1437, 919, 1248, 1588, 586, 705, 753, 1411, 971, 135, 361, 754, 16, 1421, 784, 1471, 715, 737, 1535, 691, 892, 353, 671, 839, 332, 430, 540, 708, 655, 1480, 1180, 941, 433, 49, 785, 254, 1065, 855, 205, 550, 521, 790, 434, 406, 805, 250, 569, 232, 571, 1229, 289, 548, 271, 596, 736, 525, 1359, 362, 1481, 61, 870, 1568, 862, 38, 765, 842, 1182, 1439, 457, 308, 1250, 731, 625, 98, 896, 22, 313, 1308, 872, 32, 1224, 1586, 811, 1019, 455, 207, 380, 435, 1572, 1194, 1408, 541, 305, 1290, 563, 804, 843, 464, 678, 7, 153, 456, 686, 1205, 124, 889, 438, 939, 1361, 570, 99, 429, 78, 738, 1530, 1551, 1553, 24, 158, 231, 1589, 1531, 640, 627, 976, 632, 1058, 118, 404, 897, 725, 491, 1184, 381, 926, 1391, 1493, 514, 782, 857, 653, 1438, 131, 693, 726, 616, 418, 481, 1027, 797, 1147, 776, 895, 523, 566, 1265, 468, 883, 1576, 1424, 102, 321, 1029, 654, 1225, 1076, 1317, 445, 949, 1413, 825, 859, 357, 405, 537, 1004, 1032, 213, 96, 597, 218, 1494, 63, 286, 59, 1274, 1044, 421, 417, 675, 835, 1093, 498, 374, 1435, 1178, 76, 1428, 544, 1215, 310, 1316, 327, 575, 416, 80, 1518, 108, 907, 945, 959, 300, 243, 723, 192, 520, 363, 1570, 1444, 343, 390, 615, 169, 386, 780, 461, 1562, 142, 1036, 834, 121, 132, 944, 424, 556, 1231, 549, 890, 1053, 415, 651, 869, 517, 1585, 783, 259, 1490, 552, 1474, 774, 750, 258, 410, 542, 265, 1346, 239, 978, 441, 887, 958, 639, 621, 584, 1509, 58, 9, 831, 274, 1087, 1580, 214, 88, 1069, 803, 1384, 100, 1108, 762, 1268, 1548, 818, 644, 377, 31, 1088, 1549, 351, 1271, 1221, 815, 846, 507, 443, 71, 236, 866, 1441, 557, 373, 249, 1101, 128, 816, 1495, 1312, 915, 867, 21, 728, 1095, 911, 161, 652, 197, 400, 982, 82, 1146, 1546, 311, 613, 501, 996, 193, 129, 1560, 48, 838, 185, 269, 1382, 515, 388, 1168, 1166, 473, 290, 1485, 1469, 57, 349, 270, 1561, 492, 808, 1120, 466, 559, 273, 713, 914, 775, 1072, 387, 814, 921, 900, 802, 741, 29, 157, 970, 551, 582, 659, 476, 302, 147, 1581, 83, 198, 845, 756, 1046, 331, 884, 1142, 1260, 819, 946, 588, 593, 1074, 419, 631, 758, 940, 1239, 918, 449, 477, 656, 555, 1066, 668, 452, 1103, 543, 574, 73, 166, 368, 856, 1394, 1179, 55, 960, 865, 235, 594, 707, 1479, 1047, 62, 179, 955, 1078, 910, 1554, 604, 223, 172, 211, 532, 110, 448, 1419, 391, 64, 347, 1099, 694, 530, 1073, 760, 1545, 392, 614, 375, 154, 733, 806, 407, 412, 196, 43, 33, 999, 1334, 1407, 689, 1470, 66, 853, 630, 345, 877, 1039, 697, 947, 1207, 54, 333, 312, 1045, 403, 528, 672, 229, 684, 425, 140, 149, 1550, 643, 579, 1035, 642, 764, 183, 89, 120, 485, 826, 1111, 72, 729, 688, 660, 450, 647, 662, 372, 484, 1321, 1571, 398, 822, 493, 446, 1559, 1025, 744, 527, 1267, 546, 174, 1242, 146, 356, 809, 279, 184, 384, 152, 422, 1148, 263, 1177, 606, 778, 645, 1573, 156, 956, 749, 1429, 518, 878, 1567, 990, 287, 1557, 977, 1063, 665, 36, 1012, 399, 436, 650, 1565, 1489, 358, 791, 122, 1544, 799, 40, 703, 160, 757, 175, 316, 732, 44, 1468, 871, 488, 788, 992, 371, 1195, 522, 1037, 848, 1402, 432, 565, 629, 87, 367, 299, 50, 554, 786, 942, 969, 886, 130, 1185, 70, 355, 127, 52, 881, 789, 687, 913, 539, 401, 558, 724, 206, 320, 1387, 1034, 439, 1062, 1232, 670, 85, 13, 793, 204, 1170, 336, 511, 864, 801, 849, 1209, 957, 116, 1090, 1151, 91, 203, 536, 199, 781, 1492, 673, 1132, 840, 1291, 755, 497, 138, 86, 467, 471, 411, 1249, 787, 1017, 682, 899, 746, 37, 490, 850, 901, 1110, 1266, 798, 1200, 414, 637, 383, 1005, 364, 837, 638, 699, 1247, 906, 1104, 903, 602, 1240, 772, 547, 189, 823, 1442, 777, 828, 303, 180, 53, 1018, 735, 1415, 603, 402, 1478, 242, 396, 904, 1041, 706, 943, 1193, 1121, 1048, 538, 1059, 394, 1564, 810, 408, 1496, 767, 1487, 1133, 769, 952, 241, 1028, 1491, 1112, 195, 1206, 39, 1021, 238, 875, 824, 734, 431, 346, 224, 695, 1246, 698, 1311, 348, 382, 1500, 94, 170, 51, 1464, 972, 1529, 35, 77, 4, 474, 339, 1555, 879, 771, 1220, 885, 852, 67, 291, 888, 745, 1563, 813, 529, 1118, 505, 233, 217, 145, 465, 573, 75, 1404, 759, 1376, 188, 830, 1055, 216, 376, 483, 462, 704, 257, 1113, 510, 1031, 151, 1305, 150, 795, 868, 451, 322, 1498, 164, 923, 168, 1227, 182, 1307, 155, 60, 1577, 81, 891, 1591, 876, 1547, 679, 1540, 1587, 1210, 178, 948, 1030, 916, 663, 46, 1578, 186, 187, 1566, 315, 619, 69, 437, 820, 1091, 463, 176, 212, 1139, 1522, 227, 328, 288, 829, 716, 1000, 14, 572, 56, 954, 262, 329, 766, 827, 143, 201, 191, 326, 874, 667, 268, 1338, 1503, 397, 752, 486, 12, 622, 1011, 230, 1253, 95, 144, 912, 228, 578, 553, 1176, 47, 1109, 1119, 342, 739, 661, 237, 692, 1188, 851, 1222, 751, 590, 90, 873, 200, 920, 1219, 292, 524, 658, 283, 812, 626, 526, 1400, 240, 817, 420, 5, 905, 234, 1162, 354, 617, 470, 712, 779, 1590, 1569, 165, 68, 748, 674, 589, 641, 478, 285, 807, 902, 508, 1100, 612, 860, 761, 1405, 513, 45, 208, 428, 648, 1484, 1353, 226, 506, 469, 1006, 1592, 1070, 261, 379, 841, 202, 635, 847, 997, 585, 1575, 657, 534, 800, 27, 581, 951, 1583, 576, 922, 1558, 502, 167, 427, 1192, 685, 1288, 863, 111, 1107, 1275, 341, 275, 854, 998]
recall=0.9
precision=0.007985803016858917
fmeasure=0.015831134564643797
true_ratings=[1.0, 3.0, 4.0, 4.0, 3.0, 3.0, 3.0, 1.0, 2.0, 5.0]
pred_ratings=[2.8108816661489056, 3.716394232402755, 2.9434889652896103, 3.5007890303002105, 2.6930318776706015, 1.8500294664974868, 2.368993391445184, 2.6284096010110414, 2.939480940932566, 2.721892626023075]
mae=1.1016941083269098
mse=1.5696886734246456

user=291
true_movies=[15, 80, 118, 144, 376, 418, 686, 1016, 1042, 1178]
pred_movies=[419, 1230, 114, 758, 1434, 918, 449, 477, 656, 190, 714, 504, 1066, 317, 668, 832, 882, 452, 1103, 1445, 543, 73, 166, 368, 856, 1394, 1179, 960, 378, 865, 594, 649, 1486, 707, 730, 1479, 62, 768, 1399, 955, 209, 281, 683, 910, 1554, 604, 1159, 583, 280, 314, 211, 141, 307, 532, 721, 664, 110, 1539, 1419, 347, 440, 1099, 1488, 694, 530, 1545, 392, 177, 194, 614, 908, 690, 26, 733, 806, 407, 389, 196, 43, 999, 531, 1334, 1407, 689, 1470, 276, 630, 345, 853, 877, 1039, 796, 697, 947, 264, 1207, 472, 333, 312, 880, 65, 1501, 1175, 1218, 442, 1422, 340, 1045, 623, 646, 528, 480, 1306, 727, 1425, 229, 684, 482, 425, 149, 338, 1550, 545, 700, 909, 643, 579, 1035, 642, 137, 183, 601, 764, 917, 669, 516, 120, 1167, 485, 10, 163, 826, 861, 1111, 688, 660, 450, 647, 662, 372, 484, 821, 1321, 740, 1571, 398, 822, 370, 225, 318, 446, 493, 1559, 1025, 744, 527, 1267, 1475, 319, 610, 1242, 222, 898, 1579, 932, 146, 809, 792, 279, 152, 444, 139, 494, 624, 489, 422, 1148, 350, 858, 263, 1177, 109, 606, 778, 645, 1573, 956, 749, 560, 1429, 518, 878, 1567, 990, 1318, 287, 23, 1557, 709, 453, 1063, 665, 36, 105, 1412, 1517, 964, 399, 1261, 436, 650, 1565, 710, 301, 564, 358, 1552, 306, 791, 1544, 799, 1043, 40, 703, 160, 757, 30, 447, 720, 260, 1007, 316, 426, 44, 1468, 666, 871, 561, 488, 788, 487, 1556, 992, 371, 1195, 702, 894, 42, 522, 1037, 848, 1574, 25, 1402, 432, 1499, 1208, 629, 1584, 87, 1052, 299, 248, 554, 1001, 786, 942, 1297, 969, 886, 130, 1185, 509, 719, 1228, 519, 512, 1423, 355, 127, 52, 881, 789, 687, 591, 913, 1042, 539, 724, 206, 893, 2, 334, 320, 1387, 1519, 1034, 1437, 439, 919, 1588, 1062, 586, 705, 1232, 753, 1411, 971, 135, 361, 13, 754, 16, 1421, 784, 793, 1170, 737, 336, 511, 1535, 691, 892, 864, 849, 353, 671, 323, 839, 332, 430, 957, 116, 708, 1151, 91, 1480, 203, 1180, 433, 254, 536, 1065, 855, 205, 521, 434, 199, 406, 781, 673, 805, 1132, 1492, 840, 1291, 497, 138, 86, 289, 467, 548, 271, 596, 736, 525, 1249, 787, 682, 899, 746, 37, 1359, 362, 490, 850, 1481, 61, 901, 870, 1110, 1266, 1568, 1200, 414, 862, 637, 765, 842, 1182, 1439, 1005, 457, 638, 837, 699, 1247, 308, 1250, 731, 906, 625, 1104, 896, 903, 313, 602, 1240, 1308, 547, 32, 872, 189, 1224, 1586, 1442, 811, 777, 828, 1019, 303, 180, 207, 435, 380, 1572, 1018, 1194, 1408, 541, 305, 1290, 804, 1415, 843, 464, 678, 603, 686, 242, 1205, 889, 438, 904, 1041, 1361, 1193, 570, 1121, 1048, 429, 538, 78, 738, 1530, 1551, 394, 1553, 1564, 810, 408, 1589, 1531, 1496, 640, 976, 632, 1058, 118, 767, 1487, 897, 725, 1133, 491, 952, 241, 1184, 381, 926, 1491, 1112, 1391, 1493, 514, 39, 782, 857, 1021, 653, 875, 1438, 131, 734, 693, 726, 431, 346, 224, 418, 481, 616, 1027, 695, 1246, 797, 1147, 776, 895, 348, 382, 523, 698, 1311, 1500, 1265, 170, 51, 468, 883, 1464, 972, 1576, 1424, 1529, 35, 474, 102, 321, 339, 1029, 1555, 654, 1225, 1076, 1317, 445, 949, 1413, 879, 859, 771, 885, 357, 537, 852, 888, 745, 1004, 1563, 813, 529, 1032, 1118, 505, 213, 233, 217, 145, 1494, 63, 465, 286, 1404, 75, 59, 759, 1274, 830, 1044, 675, 835, 1093, 1055, 216, 498, 374, 1435, 376, 1178, 76, 483, 462, 1428, 704, 544, 310, 1316, 327, 80, 257, 108, 907, 945, 1518, 959, 300, 243, 723, 1113, 510, 1031, 192, 520, 363, 1570, 1444, 150, 343, 795, 615, 868, 169, 390, 451, 322, 1498, 923, 386, 1227, 182, 461, 1307, 1562, 142, 60, 1036, 1577, 81, 891, 1591, 132, 876, 944, 1547, 679, 424, 1540, 1587, 556, 1231, 178, 549, 948, 1030, 916, 890, 1053, 415, 663, 651, 869, 517, 1578, 1585, 259, 186, 1490, 1474, 187, 1566, 750, 315, 437, 258, 1091, 542, 1346, 265, 239, 463, 978, 441, 176, 887, 1522, 958, 227, 621, 328, 639, 584, 1509, 58, 831, 274, 1087, 716, 1580, 88, 1000, 14, 1069, 954, 329, 766, 827, 803, 201, 191, 326, 874, 667, 268, 1338, 1384, 1108, 1503, 762, 1268, 397, 1548, 752, 818, 644, 377, 1088, 486, 1549, 622, 351, 1011, 1271, 1221, 230, 815, 144, 846, 507, 912, 443, 228, 47, 553, 1176, 866, 1119, 557, 1441, 342, 373, 1101, 661, 692, 851, 1495, 1222, 1312, 915, 751, 590, 873, 867, 728, 1095, 920, 911, 292, 161, 524, 652, 812, 283, 626, 526, 658, 197, 400, 982, 1400, 817, 1146, 905, 1162, 354, 617, 1546, 311, 712, 779, 613, 996, 1590, 1569, 165, 193, 409, 68, 748, 674, 1560, 589, 641, 478, 838, 185, 269, 1382, 515, 388, 1168, 807, 1166, 902, 473, 1100, 1485, 612, 860, 1469, 1405, 57, 513, 45, 208, 270, 349, 492, 808, 1120, 1561, 648, 1484, 1353, 506, 559, 914, 775, 713, 387, 814, 1072, 921, 1006, 1592, 900, 1070, 261, 802, 29, 157, 841, 970, 635, 847, 659, 476, 302, 997, 585, 1575, 1581, 83, 657, 534, 198, 845, 951, 1583, 331, 922, 1558, 502, 884, 1142, 167, 1192, 1288, 1260, 863, 819, 111, 1107, 1275, 341, 593, 1074, 275, 854]
recall=0.8
precision=0.008998875140607425
fmeasure=0.017797552836484987
true_ratings=[5.0, 4.0, 2.0, 5.0, 3.0, 4.0, 5.0, 4.0, 4.0, 4.0]
pred_ratings=[3.881781442856782, 3.346105535651751, 3.7770212829606677, 4.312744962141483, 4.488150711829869, 4.392982593192662, 4.409698824414107, 3.6058407108922683, 3.2273443058077684, 3.232717582915952]
mae=0.8641921223303086
mse=0.9366678851296026

