k=2

user=489
true_movies=[271, 289, 292, 310, 321, 342, 457, 881, 1238, 1293]
pred_movies=[1230, 1434, 714, 190, 504, 317, 882, 832, 11, 395, 567, 794, 1445, 773, 636, 378, 649, 730, 768, 1399, 209, 281, 1159, 583, 280, 314, 141, 721, 664, 577, 1539, 440, 1488, 177, 194, 770, 690, 26, 389, 531, 101, 276, 796, 385, 475, 472, 1175, 65, 1218, 442, 1422, 623, 646, 480, 1306, 722, 727, 1425, 41, 482, 545, 700, 909, 137, 601, 917, 669, 516, 1167, 163, 861, 821, 181, 740, 370, 225, 318, 423, 210, 8, 1475, 610, 747, 92, 222, 844, 1579, 792, 97, 444, 139, 494, 624, 568, 350, 173, 858, 109, 560, 1318, 23, 709, 453, 215, 1412, 1517, 964, 1261, 17, 710, 564, 413, 79, 1217, 1552, 306, 1043, 219, 30, 447, 720, 426, 666, 561, 366, 1556, 365, 28, 702, 894, 42, 1574, 1208, 1499, 562, 1584, 1297, 393, 509, 719, 1228, 519, 512, 1423, 1042, 893, 2, 1519, 1437, 1248, 1588, 117, 586, 705, 753, 971, 135, 361, 1421, 784, 1471, 715, 737, 1535, 691, 671, 839, 430, 540, 708, 655, 1480, 1180, 941, 433, 49, 785, 1065, 855, 205, 550, 521, 790, 434, 406, 805, 569, 232, 571, 1229, 289, 548, 271, 596, 736, 525, 1359, 362, 61, 870, 1568, 862, 38, 765, 842, 1182, 1439, 763, 457, 1250, 731, 625, 98, 896, 22, 1308, 32, 1224, 1586, 811, 1019, 455, 207, 380, 435, 1572, 1194, 1408, 541, 305, 1290, 563, 804, 843, 464, 7, 153, 686, 124, 889, 438, 939, 570, 99, 429, 78, 738, 1530, 1551, 1553, 24, 158, 231, 1589, 1531, 640, 627, 632, 1058, 118, 404, 725, 491, 1184, 381, 1391, 514, 782, 857, 653, 1438, 693, 726, 418, 481, 1027, 797, 1147, 776, 523, 566, 468, 1576, 1424, 102, 321, 1029, 654, 1225, 1076, 1317, 445, 949, 825, 1, 859, 357, 405, 537, 1004, 1032, 213, 96, 597, 218, 63, 59, 1274, 1044, 421, 417, 675, 835, 498, 374, 1435, 1178, 76, 310, 1316, 575, 416, 80, 1518, 907, 959, 723, 192, 520, 363, 1570, 1444, 615, 169, 386, 780, 461, 1562, 142, 1036, 834, 121, 132, 944, 424, 556, 1231, 549, 1053, 415, 651, 869, 517, 1585, 783, 552, 1474, 774, 410, 542, 265, 1346, 239, 441, 958, 639, 621, 584, 1509, 58, 9, 831, 274, 1580, 214, 88, 1069, 803, 1384, 100, 1108, 762, 1268, 1548, 818, 644, 377, 31, 1549, 1271, 1221, 815, 846, 507, 443, 71, 866, 1441, 557, 373, 1101, 128, 816, 915, 867, 21, 728, 911, 161, 652, 197, 400, 82, 1146, 1546, 311, 613, 501, 996, 193, 1560, 48, 838, 185, 1382, 515, 388, 1168, 1166, 473, 290, 1469, 57, 1561, 492, 808, 466, 559, 273, 1072, 914, 775, 387, 814, 921, 900, 802, 29, 157, 970, 551, 582, 659, 476, 147, 1581, 83, 198, 845, 756, 1046, 884, 1260, 819, 946, 588, 593, 1074, 419, 631, 758, 940, 1239, 918, 449, 477, 656, 555, 1066, 668, 452, 1103, 543, 574, 73, 166, 856, 1394, 1179, 55, 960, 865, 235, 707, 1479, 62, 179, 955, 1078, 910, 1554, 604, 223, 172, 211, 110, 448, 1419, 391, 64, 1099, 694, 530, 1073, 760, 1545, 392, 614, 375, 154, 733, 806, 196, 43, 33, 999, 1334, 1407, 1470, 66, 853, 630, 345, 877, 697, 947, 1207, 54, 1045, 403, 528, 672, 229, 684, 425, 140, 149, 1550, 643, 579, 1035, 642, 764, 183, 89, 485, 826, 1111, 72, 729, 660, 450, 647, 662, 372, 484, 1571, 398, 822, 493, 446, 1559, 527, 1267, 546, 174, 356, 809, 279, 184, 384, 152, 422, 1148, 1177, 606, 778, 645, 1573, 956, 1429, 518, 1567, 287, 1557, 1063, 665, 36, 399, 436, 650, 1565, 791, 1544, 799, 40, 703, 160, 757, 175, 732, 44, 1468, 871, 488, 788, 371, 1195, 522, 1037, 848, 25, 432, 565, 629, 87, 367, 50, 554, 786, 942, 969, 886, 70, 127, 52, 881, 789, 913, 401, 558, 724, 206, 320, 1387, 439, 1062, 1232, 670, 85, 13, 793, 204, 336, 511, 864, 801, 849, 1209, 957, 116, 1090, 91, 203, 536, 199, 781, 673, 840, 755, 497, 138, 86, 467, 471, 411, 1249, 787, 899, 746, 37, 850, 901, 1110, 1266, 798, 1200, 414, 637, 383, 1005, 364, 837, 638, 699, 1247, 906, 1104, 903, 602, 1240, 772, 547, 189, 823, 1442, 777, 828, 180, 53, 1018, 735, 1415, 603, 402, 1478, 242, 396, 904, 1041, 706, 943, 1193, 394, 1564, 810, 767, 1487, 769, 241, 1112, 195, 1206, 39, 1021, 238, 824, 734, 431, 224, 695, 1246, 698, 1311, 348, 382, 94, 170, 51, 1464, 972, 1529, 35, 77, 4, 474, 1555, 771, 1220, 852, 67, 888, 745, 1563, 813, 529, 1118, 505, 233, 217, 145, 465, 573, 75, 1404, 759, 188, 830, 1055, 216, 376, 483, 462, 704, 1113, 510, 1031, 1305, 150, 795, 833, 868, 451, 164, 923, 168, 1227, 182, 1307, 155, 60, 1577, 81, 891, 1591, 1547, 679, 1540, 1587, 1210, 178, 1030, 916, 663, 46, 1578, 186, 187, 1566, 619, 69, 437, 820, 1091, 463, 176, 212, 1139, 1522, 227, 829, 716, 14, 572, 954, 262, 329, 766, 827, 143, 201, 191, 667, 1338, 1503, 397, 12, 622, 230, 1253, 95, 144, 912, 228, 578, 553, 1176, 47, 1109, 1119, 342, 739, 661, 237, 692, 1188, 851, 1222, 590, 90, 200, 920, 1219, 292, 524, 658, 812, 626, 526, 1400, 817, 420, 5, 905, 234, 354, 617, 470, 712, 779, 1590, 1569, 165, 409, 68, 674, 589, 641, 478, 285, 807, 508, 1100, 612, 860, 761, 1405, 513, 45, 208, 428, 648, 1484, 1353, 226, 506, 469, 1006, 1592, 1070, 379, 841, 202, 635, 847, 997, 585, 1575, 657, 800, 27, 581, 951, 1583, 576, 1558, 502, 167, 427, 1192, 685, 863, 111, 1107, 1275, 341, 275, 854]
recall=0.8
precision=0.008438818565400843
fmeasure=0.016701461377870562
true_ratings=[4.0, 2.0, 4.0, 4.0, 3.0, 3.0, 3.0, 2.0, 4.0, 5.0]
pred_ratings=[2.634752284313328, 2.9648273466806776, 4.6991368208971585, 4.284906043083292, 3.0559232513532333, 3.9131818528969182, 1.989852236672832, 2.980494530234759, 3.2932902480561546, 4.90264998159735]
mae=0.7077925094506374
mse=0.6692469115462971

user=438
true_movies=[9, 15, 50, 121, 181, 237, 269, 321, 476, 1028]
pred_movies=[1230, 1434, 714, 190, 504, 317, 882, 832, 11, 395, 567, 794, 1445, 773, 636, 378, 649, 730, 768, 1399, 209, 683, 1159, 583, 314, 141, 307, 721, 294, 664, 577, 1539, 440, 1488, 177, 194, 770, 908, 690, 26, 389, 531, 101, 276, 796, 385, 264, 475, 472, 880, 1175, 65, 1218, 442, 1422, 340, 623, 646, 480, 1306, 722, 727, 1425, 41, 482, 338, 545, 700, 909, 137, 601, 917, 669, 516, 1167, 163, 861, 821, 181, 740, 370, 225, 318, 423, 210, 8, 1475, 319, 610, 747, 92, 222, 844, 1579, 792, 97, 444, 139, 494, 624, 568, 350, 173, 858, 109, 560, 1318, 23, 709, 453, 215, 1412, 1517, 964, 1261, 17, 710, 564, 413, 79, 1217, 1552, 306, 1043, 219, 30, 447, 720, 260, 426, 666, 561, 366, 1556, 365, 28, 702, 894, 42, 1574, 1208, 1499, 562, 1584, 1297, 393, 509, 719, 1228, 519, 512, 1423, 1042, 893, 2, 334, 1519, 1437, 1248, 1588, 117, 586, 705, 753, 971, 135, 361, 754, 1421, 784, 1471, 715, 737, 1535, 691, 892, 353, 671, 323, 839, 332, 430, 540, 708, 655, 1480, 1180, 941, 433, 49, 785, 1065, 855, 205, 550, 521, 790, 434, 406, 805, 569, 232, 571, 1229, 289, 548, 271, 596, 736, 525, 1359, 362, 61, 870, 1568, 862, 38, 765, 842, 1182, 1439, 763, 457, 308, 1250, 731, 625, 98, 896, 22, 313, 1308, 872, 32, 1224, 1586, 811, 1019, 455, 207, 380, 435, 1572, 1194, 1408, 541, 305, 1290, 563, 804, 843, 464, 678, 7, 153, 686, 124, 889, 438, 939, 570, 99, 429, 78, 738, 1530, 1551, 1553, 24, 158, 231, 1589, 1531, 640, 627, 632, 1058, 404, 897, 725, 491, 1184, 381, 1391, 514, 782, 857, 653, 1438, 693, 726, 418, 481, 1027, 797, 1147, 776, 895, 523, 566, 1265, 468, 883, 1576, 1424, 102, 321, 1029, 654, 1225, 1076, 1317, 445, 949, 825, 859, 357, 405, 537, 1004, 1032, 213, 96, 597, 218, 63, 59, 1274, 1044, 421, 417, 675, 835, 498, 374, 1435, 1178, 76, 310, 1316, 327, 575, 416, 80, 1518, 907, 959, 243, 723, 192, 520, 363, 1570, 1444, 343, 615, 169, 386, 780, 461, 1562, 142, 1036, 834, 121, 132, 944, 424, 556, 1231, 549, 890, 1053, 415, 651, 869, 517, 1585, 783, 552, 1474, 774, 750, 258, 410, 542, 265, 1346, 239, 441, 887, 958, 639, 621, 584, 1509, 58, 9, 831, 274, 1580, 214, 88, 1069, 803, 1384, 1108, 762, 1268, 1548, 818, 644, 377, 31, 1549, 351, 1271, 1221, 846, 507, 443, 71, 1441, 557, 373, 1101, 128, 816, 915, 867, 728, 911, 161, 652, 197, 400, 82, 1146, 1546, 311, 613, 501, 996, 193, 1560, 48, 838, 185, 269, 1382, 515, 388, 1168, 1166, 473, 290, 1469, 57, 349, 270, 1561, 492, 808, 466, 559, 273, 1072, 914, 775, 387, 814, 921, 900, 802, 29, 157, 970, 551, 582, 659, 476, 302, 147, 1581, 83, 198, 756, 1046, 331, 884, 1260, 819, 946, 588, 593, 1074, 419, 631, 758, 940, 1239, 918, 449, 477, 656, 555, 1066, 668, 452, 1103, 543, 574, 73, 166, 856, 1394, 1179, 55, 960, 865, 235, 707, 1479, 62, 179, 955, 1078, 910, 1554, 604, 223, 172, 211, 110, 448, 1419, 391, 64, 347, 1099, 694, 530, 1073, 760, 1545, 392, 614, 375, 154, 733, 806, 196, 43, 33, 999, 1334, 1407, 689, 1470, 66, 853, 630, 345, 877, 697, 947, 1207, 54, 333, 312, 1045, 403, 528, 672, 229, 684, 425, 140, 149, 1550, 643, 579, 1035, 642, 764, 183, 89, 485, 826, 1111, 72, 729, 688, 660, 450, 647, 662, 372, 484, 1571, 398, 822, 493, 446, 1559, 527, 1267, 546, 174, 898, 356, 809, 279, 184, 384, 152, 422, 1148, 263, 1177, 606, 778, 645, 1573, 956, 749, 1429, 518, 878, 1567, 287, 1557, 1063, 665, 36, 399, 436, 650, 1565, 358, 791, 1544, 799, 40, 703, 160, 757, 175, 316, 732, 44, 1468, 871, 488, 788, 371, 1195, 522, 1037, 848, 25, 432, 565, 629, 87, 367, 299, 50, 554, 786, 942, 969, 886, 70, 355, 127, 52, 881, 789, 687, 913, 539, 401, 558, 724, 206, 320, 1387, 439, 1062, 1232, 670, 85, 13, 793, 204, 336, 511, 801, 849, 1209, 957, 116, 1090, 91, 203, 536, 199, 781, 673, 840, 755, 497, 138, 86, 467, 411, 1249, 787, 682, 899, 746, 37, 850, 901, 1110, 1266, 798, 1200, 414, 637, 383, 1005, 364, 837, 638, 699, 1247, 906, 1104, 903, 602, 1240, 772, 547, 189, 823, 1442, 777, 828, 303, 180, 53, 1018, 735, 1415, 603, 402, 1478, 242, 396, 904, 1041, 706, 943, 1193, 538, 394, 1564, 810, 767, 1487, 769, 241, 1112, 195, 1206, 39, 1021, 238, 875, 824, 734, 431, 346, 224, 695, 1246, 698, 1311, 348, 382, 94, 170, 51, 1464, 972, 1529, 35, 77, 4, 474, 339, 1555, 879, 771, 1220, 885, 852, 67, 888, 745, 1563, 813, 529, 1118, 505, 233, 217, 145, 465, 573, 75, 1404, 759, 188, 830, 1055, 216, 376, 483, 462, 704, 1113, 510, 1031, 1305, 150, 795, 833, 868, 451, 322, 164, 923, 168, 1227, 182, 1307, 155, 60, 1577, 81, 891, 1591, 876, 1547, 679, 1540, 1587, 1210, 178, 1030, 916, 663, 46, 1578, 186, 187, 1566, 315, 69, 437, 820, 1091, 463, 176, 212, 1139, 1522, 227, 328, 288, 829, 716, 14, 572, 954, 262, 329, 766, 827, 143, 201, 191, 326, 874, 667, 268, 1338, 1503, 397, 752, 12, 622, 230, 1253, 95, 144, 912, 228, 578, 553, 1176, 47, 1109, 1119, 342, 739, 661, 237, 692, 1188, 851, 1222, 751, 590, 90, 873, 200, 920, 1219, 292, 524, 658, 812, 626, 526, 1400, 817, 420, 5, 905, 234, 354, 617, 470, 712, 779, 1590, 1569, 165, 409, 68, 748, 674, 589, 641, 478, 285, 807, 902, 508, 1100, 612, 860, 761, 1405, 513, 45, 208, 428, 648, 1484, 1353, 226, 506, 469, 1006, 1592, 1070, 261, 379, 841, 202, 635, 847, 997, 585, 1575, 657, 800, 27, 581, 951, 1583, 576, 1558, 502, 167, 427, 1192, 685, 863, 111, 1107, 1275, 341, 275, 854]
recall=0.8
precision=0.007920792079207921
fmeasure=0.01568627450980392
true_ratings=[4.0, 4.0, 5.0, 5.0, 4.0, 5.0, 4.0, 5.0, 5.0, 2.0]
pred_ratings=[4.078932721323308, 4.163478007162042, 6.538295709988858, 4.779198958599423, 6.538295709988858, 4.909453863268517, 3.6410142493189745, 3.2588609947127742, 3.149427730359963, 3.487162577877499]
mae=1.0068208930080913
mse=1.769591200192425

user=310
true_movies=[14, 24, 116, 257, 258, 304, 536, 748, 832, 845]
pred_movies=[1230, 1434, 714, 190, 504, 317, 882, 832, 11, 395, 567, 794, 1445, 773, 636, 378, 649, 730, 768, 1399, 209, 281, 683, 1159, 583, 280, 314, 141, 307, 721, 664, 577, 1539, 440, 1488, 177, 194, 770, 908, 690, 26, 389, 531, 101, 276, 796, 385, 264, 475, 472, 880, 1175, 65, 1218, 442, 1422, 340, 623, 646, 480, 1306, 722, 727, 1425, 41, 482, 338, 545, 700, 909, 137, 601, 917, 669, 516, 1167, 163, 861, 821, 370, 225, 318, 423, 210, 8, 1475, 319, 610, 747, 92, 844, 1579, 792, 97, 444, 139, 494, 624, 568, 350, 173, 858, 109, 560, 1318, 23, 709, 453, 215, 1412, 1517, 964, 1261, 17, 710, 301, 564, 413, 79, 1217, 1552, 306, 1043, 219, 30, 447, 720, 260, 426, 666, 561, 366, 1556, 365, 28, 702, 894, 42, 1574, 1208, 1499, 562, 1584, 1297, 393, 509, 719, 1228, 519, 512, 1423, 1042, 893, 2, 334, 1519, 1437, 1248, 1588, 117, 586, 705, 753, 971, 135, 361, 754, 1421, 784, 1471, 715, 737, 1535, 691, 892, 353, 671, 323, 839, 332, 430, 540, 708, 655, 1480, 1180, 941, 433, 49, 785, 1065, 855, 205, 550, 521, 790, 434, 406, 805, 569, 232, 571, 1229, 289, 548, 271, 596, 736, 525, 1359, 362, 61, 870, 1568, 862, 38, 765, 842, 1182, 1439, 763, 457, 308, 1250, 731, 625, 98, 896, 22, 313, 1308, 872, 32, 1224, 1586, 811, 1019, 455, 207, 380, 435, 1572, 1194, 1408, 541, 305, 1290, 563, 804, 843, 464, 678, 7, 153, 686, 124, 889, 438, 939, 570, 99, 429, 78, 738, 1530, 1551, 1553, 24, 158, 231, 1589, 1531, 640, 627, 632, 1058, 118, 404, 897, 725, 491, 1184, 381, 1391, 514, 782, 857, 653, 1438, 693, 726, 418, 481, 1027, 797, 1147, 776, 895, 523, 566, 1265, 468, 883, 1576, 1424, 102, 321, 1029, 654, 1225, 1076, 1317, 445, 949, 825, 1, 859, 357, 405, 537, 1004, 1032, 213, 96, 597, 218, 63, 286, 59, 1274, 1044, 421, 417, 675, 835, 498, 374, 1435, 1178, 76, 310, 1316, 327, 575, 416, 80, 1518, 907, 959, 300, 243, 723, 192, 520, 363, 1570, 1444, 343, 615, 169, 386, 780, 461, 1562, 142, 1036, 834, 121, 132, 944, 424, 556, 1231, 549, 890, 1053, 415, 651, 869, 517, 1585, 783, 552, 1474, 774, 750, 258, 410, 542, 265, 1346, 239, 441, 887, 958, 639, 621, 584, 1509, 58, 9, 831, 1580, 214, 88, 1069, 803, 1384, 100, 1108, 762, 1268, 1548, 818, 644, 377, 31, 1549, 351, 1271, 1221, 815, 846, 507, 443, 71, 866, 1441, 557, 373, 1101, 128, 816, 915, 867, 21, 728, 911, 161, 652, 197, 400, 82, 1146, 1546, 311, 613, 501, 996, 193, 1560, 48, 838, 185, 269, 1382, 515, 388, 1168, 1166, 473, 290, 1469, 57, 349, 270, 1561, 492, 808, 466, 559, 273, 1072, 914, 775, 387, 814, 921, 900, 802, 29, 157, 970, 551, 582, 659, 476, 302, 147, 1581, 83, 198, 845, 756, 1046, 331, 884, 1260, 819, 946, 588, 593, 1074, 419, 631, 758, 940, 1239, 918, 449, 477, 656, 555, 1066, 668, 452, 1103, 543, 574, 73, 166, 856, 1394, 1179, 55, 960, 865, 235, 707, 1479, 62, 179, 955, 1078, 910, 1554, 604, 223, 172, 211, 110, 448, 1419, 391, 64, 347, 1099, 694, 530, 1073, 760, 1545, 392, 614, 375, 154, 733, 806, 196, 43, 33, 999, 1334, 1407, 689, 1470, 66, 853, 630, 345, 877, 697, 947, 1207, 54, 333, 312, 1045, 403, 528, 672, 229, 684, 425, 140, 149, 1550, 643, 579, 1035, 642, 764, 183, 89, 485, 826, 1111, 72, 729, 688, 660, 450, 647, 662, 372, 484, 1571, 398, 822, 493, 446, 1559, 527, 1267, 546, 174, 898, 356, 809, 279, 184, 384, 152, 422, 1148, 263, 1177, 606, 778, 645, 1573, 956, 749, 1429, 518, 878, 1567, 287, 1557, 1063, 665, 36, 399, 436, 650, 1565, 358, 791, 1544, 799, 40, 703, 160, 757, 175, 316, 732, 44, 1468, 871, 488, 788, 371, 1195, 522, 1037, 848, 25, 432, 565, 629, 87, 367, 299, 554, 786, 942, 969, 886, 70, 355, 127, 52, 881, 789, 687, 913, 539, 401, 558, 724, 206, 320, 1387, 439, 1062, 1232, 670, 85, 13, 793, 204, 336, 511, 864, 801, 849, 1209, 957, 116, 1090, 91, 203, 536, 199, 781, 673, 840, 755, 497, 138, 86, 467, 471, 411, 1249, 787, 682, 899, 746, 37, 850, 901, 1110, 1266, 798, 1200, 414, 637, 383, 1005, 364, 837, 638, 699, 1247, 906, 1104, 903, 602, 1240, 772, 547, 189, 823, 1442, 777, 828, 303, 180, 53, 1018, 735, 1415, 603, 402, 1478, 242, 396, 904, 1041, 706, 943, 1193, 538, 394, 1564, 810, 767, 1487, 769, 241, 1112, 195, 1206, 39, 1021, 238, 875, 824, 734, 431, 346, 224, 695, 1246, 698, 1311, 348, 382, 94, 170, 51, 1464, 972, 1529, 35, 77, 4, 474, 339, 1555, 879, 771, 1220, 885, 852, 67, 888, 745, 1563, 813, 529, 1118, 505, 233, 217, 145, 465, 573, 75, 1404, 759, 188, 830, 1055, 216, 376, 483, 462, 704, 1113, 510, 1031, 1305, 150, 795, 833, 868, 451, 322, 164, 923, 168, 1227, 182, 1307, 155, 60, 1577, 81, 891, 1591, 876, 1547, 679, 1540, 1587, 1210, 178, 1030, 916, 663, 46, 1578, 186, 187, 1566, 315, 619, 69, 437, 820, 1091, 463, 176, 212, 1139, 1522, 227, 328, 288, 829, 716, 14, 572, 954, 262, 329, 766, 827, 143, 201, 191, 326, 874, 667, 268, 1338, 1503, 397, 752, 12, 622, 230, 1253, 95, 144, 912, 228, 578, 553, 1176, 47, 1109, 1119, 342, 739, 661, 237, 692, 1188, 851, 1222, 751, 590, 90, 873, 200, 920, 1219, 292, 524, 658, 812, 626, 526, 1400, 817, 420, 5, 905, 234, 354, 617, 470, 712, 779, 1590, 1569, 165, 409, 68, 748, 674, 589, 641, 478, 285, 807, 902, 508, 1100, 612, 860, 761, 1405, 513, 45, 208, 428, 648, 1484, 1353, 226, 506, 469, 1006, 1592, 1070, 261, 379, 841, 202, 635, 847, 997, 585, 1575, 657, 800, 27, 581, 951, 1583, 576, 1558, 502, 167, 427, 1192, 685, 863, 111, 1107, 1275, 341, 854]
recall=0.8
precision=0.007858546168958742
fmeasure=0.015564202334630349
true_ratings=[5.0, 4.0, 5.0, 5.0, 3.0, 5.0, 4.0, 3.0, 1.0, 5.0]
pred_ratings=[4.328524564793811, 2.716178408422859, 4.746383996745293, 3.947374583199934, 4.28485281967654, 3.6659053201129974, 3.201739950506426, 3.9554779912158535, 3.72875431923304, 3.6398187626469736]
mae=1.172315954369714
mse=1.7548424298914516

user=938
true_movies=[122, 125, 240, 313, 333, 477, 763, 864, 988, 1033]
pred_movies=[1230, 1434, 714, 190, 504, 317, 882, 832, 11, 395, 567, 794, 1445, 773, 636, 378, 649, 730, 768, 1399, 209, 683, 1159, 583, 280, 314, 141, 307, 721, 294, 664, 577, 1539, 440, 1488, 177, 194, 770, 908, 690, 26, 389, 531, 101, 796, 385, 264, 475, 880, 1175, 65, 1218, 442, 1422, 340, 623, 646, 480, 1306, 722, 727, 1425, 41, 482, 338, 545, 700, 909, 137, 601, 917, 669, 516, 1167, 163, 861, 821, 740, 318, 423, 210, 8, 1475, 319, 610, 747, 92, 844, 1579, 792, 97, 444, 139, 494, 624, 568, 350, 173, 858, 109, 560, 1318, 23, 709, 453, 215, 1412, 1517, 964, 1261, 17, 710, 301, 564, 413, 79, 1217, 1552, 306, 1043, 219, 30, 447, 720, 426, 666, 561, 366, 1556, 365, 28, 702, 894, 42, 1574, 1208, 1499, 562, 1584, 1297, 393, 509, 719, 1228, 519, 512, 1423, 1042, 893, 2, 334, 1519, 1437, 1248, 1588, 586, 705, 753, 971, 135, 361, 754, 1421, 784, 1471, 715, 737, 1535, 691, 892, 353, 671, 839, 332, 430, 540, 708, 655, 1480, 1180, 941, 433, 49, 785, 1065, 855, 205, 550, 521, 790, 434, 805, 569, 232, 571, 1229, 548, 271, 736, 525, 1359, 362, 61, 870, 1568, 862, 38, 765, 842, 1182, 1439, 763, 457, 308, 1250, 731, 625, 98, 896, 22, 313, 1308, 872, 32, 1224, 1586, 811, 1019, 455, 207, 380, 435, 1572, 1194, 1408, 541, 305, 1290, 563, 804, 843, 464, 153, 686, 124, 889, 438, 939, 570, 99, 429, 78, 738, 1530, 1551, 1553, 24, 158, 231, 1589, 1531, 640, 627, 632, 1058, 404, 897, 725, 491, 1184, 381, 1391, 514, 782, 857, 653, 1438, 693, 726, 418, 481, 1027, 797, 1147, 776, 895, 523, 566, 1265, 468, 883, 1576, 1424, 102, 321, 1029, 654, 1225, 1076, 1317, 445, 949, 825, 859, 357, 537, 1004, 1032, 213, 96, 218, 63, 59, 1274, 1044, 421, 417, 675, 835, 498, 374, 1435, 1178, 76, 310, 1316, 327, 575, 416, 80, 1518, 907, 959, 723, 192, 520, 363, 1570, 1444, 615, 169, 386, 780, 461, 1562, 142, 1036, 834, 132, 944, 424, 556, 1231, 549, 890, 1053, 415, 651, 869, 517, 1585, 783, 552, 1474, 774, 750, 542, 265, 1346, 239, 441, 887, 958, 639, 621, 584, 1509, 58, 831, 274, 1580, 214, 88, 1069, 803, 1384, 1108, 1268, 1548, 818, 644, 377, 31, 1549, 351, 1271, 1221, 846, 507, 443, 71, 1441, 557, 373, 1101, 128, 816, 915, 867, 21, 728, 911, 161, 652, 197, 400, 82, 1146, 1546, 311, 613, 501, 996, 193, 1560, 48, 838, 185, 269, 1382, 515, 388, 1168, 1166, 1469, 57, 349, 270, 1561, 492, 808, 466, 559, 1072, 914, 775, 387, 814, 921, 900, 802, 29, 157, 970, 551, 582, 659, 302, 147, 1581, 83, 198, 1046, 331, 884, 1260, 819, 946, 588, 593, 1074, 419, 631, 758, 940, 1239, 918, 449, 477, 656, 555, 1066, 668, 452, 1103, 543, 574, 73, 166, 856, 1394, 1179, 55, 960, 865, 707, 1479, 62, 179, 955, 1078, 910, 1554, 604, 223, 172, 211, 110, 448, 1419, 391, 64, 347, 1099, 694, 530, 1073, 760, 1545, 392, 614, 375, 154, 733, 806, 196, 43, 33, 999, 1334, 1407, 689, 1470, 66, 853, 630, 345, 877, 697, 947, 1207, 54, 333, 312, 1045, 403, 528, 672, 229, 684, 425, 140, 149, 1550, 643, 579, 1035, 642, 764, 183, 89, 485, 826, 1111, 72, 729, 688, 660, 450, 647, 662, 372, 484, 1571, 398, 822, 493, 446, 1559, 527, 1267, 174, 898, 356, 809, 279, 184, 384, 152, 422, 1148, 263, 1177, 606, 778, 645, 1573, 956, 749, 1429, 518, 878, 1567, 287, 1557, 1063, 665, 36, 399, 436, 650, 1565, 791, 1544, 799, 40, 703, 160, 757, 175, 316, 732, 44, 1468, 488, 788, 371, 1195, 522, 1037, 848, 432, 565, 629, 87, 367, 299, 554, 786, 942, 969, 886, 70, 355, 52, 881, 789, 687, 913, 539, 401, 558, 724, 206, 320, 1387, 439, 1062, 1232, 670, 85, 13, 793, 204, 336, 511, 864, 801, 849, 1209, 957, 116, 1090, 91, 203, 536, 199, 781, 673, 755, 497, 138, 86, 467, 1249, 787, 682, 899, 746, 37, 850, 901, 1110, 1266, 798, 1200, 414, 637, 383, 1005, 364, 837, 638, 699, 1247, 906, 1104, 903, 602, 1240, 772, 547, 189, 1442, 777, 828, 303, 180, 53, 1018, 735, 1415, 603, 402, 1478, 242, 396, 904, 1041, 706, 943, 1193, 538, 394, 1564, 810, 767, 1487, 769, 241, 1112, 195, 1206, 39, 1021, 238, 875, 824, 734, 431, 346, 224, 695, 1246, 698, 1311, 348, 382, 94, 170, 51, 1464, 972, 1529, 35, 77, 4, 474, 339, 1555, 879, 771, 1220, 885, 852, 67, 888, 745, 1563, 813, 529, 1118, 505, 233, 217, 145, 465, 573, 75, 1404, 759, 188, 830, 1055, 216, 376, 483, 462, 704, 1113, 510, 1031, 1305, 150, 795, 833, 868, 451, 322, 164, 923, 168, 1227, 182, 1307, 155, 60, 1577, 81, 891, 1591, 876, 1547, 679, 1540, 1587, 1210, 178, 1030, 916, 663, 46, 1578, 186, 187, 1566, 315, 619, 69, 437, 820, 1091, 463, 176, 212, 1139, 1522, 227, 716, 14, 572, 954, 262, 329, 766, 827, 143, 201, 191, 326, 874, 667, 268, 1338, 1503, 397, 752, 12, 622, 230, 1253, 95, 144, 912, 228, 578, 553, 1176, 47, 1109, 1119, 342, 739, 661, 692, 1188, 851, 1222, 751, 590, 90, 200, 920, 1219, 292, 524, 658, 812, 626, 526, 1400, 817, 420, 5, 905, 234, 354, 617, 470, 712, 779, 1590, 1569, 165, 409, 68, 674, 589, 641, 478, 285, 807, 902, 1100, 612, 860, 761, 1405, 513, 45, 208, 428, 648, 1484, 1353, 226, 506, 469, 1006, 1592, 1070, 261, 379, 202, 635, 847, 997, 585, 1575, 657, 800, 27, 581, 951, 1583, 576, 1558, 502, 167, 427, 1192, 863, 1107, 1275, 341, 854]
recall=0.5
precision=0.005175983436853002
fmeasure=0.010245901639344262
true_ratings=[1.0, 3.0, 2.0, 5.0, 4.0, 1.0, 4.0, 4.0, 3.0, 2.0]
pred_ratings=[2.2402954052809028, 3.3167070281648345, 2.607329972003762, 4.883233825759106, 3.2986537027789127, 3.5484764202990275, 2.279978011671627, 3.564559167774863, 2.109426233919027, 2.6330117586210506]
mae=0.920996964246604
mse=1.334964863992291

user=402
true_movies=[7, 16, 111, 126, 127, 234, 255, 257, 480, 764]
pred_movies=[1230, 1434, 714, 190, 504, 317, 882, 832, 11, 395, 567, 794, 1445, 773, 636, 378, 649, 730, 768, 1399, 209, 281, 683, 1159, 583, 280, 314, 141, 307, 721, 294, 664, 577, 1539, 440, 1488, 177, 194, 770, 908, 690, 26, 389, 531, 101, 796, 385, 264, 472, 880, 1175, 65, 1218, 442, 1422, 340, 623, 646, 480, 1306, 722, 727, 1425, 41, 482, 338, 545, 700, 909, 601, 917, 669, 516, 1167, 163, 861, 821, 740, 370, 225, 318, 423, 210, 8, 1475, 319, 610, 747, 92, 844, 1579, 792, 97, 444, 139, 494, 624, 568, 350, 173, 858, 109, 560, 1318, 23, 709, 453, 215, 1412, 1517, 964, 1261, 17, 301, 564, 413, 79, 1217, 1552, 306, 1043, 219, 30, 447, 720, 260, 426, 666, 561, 366, 1556, 365, 28, 702, 894, 1574, 1208, 1499, 562, 1584, 1297, 393, 509, 719, 1228, 519, 512, 1423, 1042, 893, 2, 334, 1519, 1437, 1248, 1588, 586, 705, 753, 971, 361, 754, 1421, 784, 1471, 715, 737, 1535, 691, 892, 353, 671, 323, 839, 332, 430, 540, 708, 655, 1480, 1180, 941, 433, 49, 785, 1065, 855, 205, 550, 521, 790, 434, 406, 805, 569, 232, 571, 1229, 289, 548, 271, 596, 736, 525, 1359, 362, 61, 870, 1568, 862, 38, 765, 842, 1182, 1439, 763, 457, 308, 1250, 731, 625, 98, 896, 22, 313, 1308, 872, 1224, 1586, 811, 1019, 207, 380, 435, 1572, 1194, 1408, 541, 305, 1290, 563, 804, 843, 464, 678, 7, 153, 686, 889, 438, 939, 570, 99, 429, 78, 738, 1530, 1551, 1553, 24, 158, 231, 1589, 1531, 640, 627, 632, 1058, 404, 897, 725, 491, 1184, 381, 1391, 514, 782, 857, 653, 1438, 693, 726, 418, 481, 1027, 797, 1147, 776, 895, 523, 566, 1265, 468, 883, 1576, 1424, 102, 321, 1029, 654, 1225, 1076, 1317, 445, 949, 825, 859, 357, 405, 537, 1004, 1032, 213, 597, 218, 63, 59, 1274, 1044, 421, 417, 675, 835, 498, 374, 1435, 1178, 76, 310, 1316, 327, 575, 416, 80, 1518, 907, 959, 300, 243, 723, 192, 520, 363, 1570, 1444, 343, 615, 169, 386, 780, 461, 1562, 142, 1036, 834, 121, 132, 944, 424, 556, 1231, 549, 890, 1053, 415, 651, 869, 517, 1585, 783, 552, 1474, 774, 750, 542, 265, 1346, 239, 441, 887, 958, 639, 621, 584, 1509, 58, 831, 274, 1580, 214, 88, 1069, 803, 1384, 1108, 762, 1268, 1548, 818, 644, 377, 31, 1549, 351, 1271, 1221, 815, 846, 507, 443, 71, 866, 1441, 557, 373, 128, 816, 915, 867, 21, 728, 911, 161, 652, 197, 400, 82, 1146, 1546, 311, 613, 501, 996, 193, 1560, 838, 185, 269, 1382, 388, 1168, 1166, 473, 290, 1469, 57, 349, 270, 1561, 492, 808, 466, 559, 1072, 914, 775, 387, 814, 921, 900, 802, 29, 157, 970, 551, 582, 659, 302, 147, 1581, 83, 198, 845, 756, 1046, 331, 884, 1260, 819, 946, 588, 593, 1074, 419, 631, 758, 940, 1239, 918, 449, 477, 656, 555, 1066, 668, 452, 1103, 543, 574, 73, 166, 856, 1394, 1179, 55, 960, 865, 707, 1479, 62, 179, 955, 1078, 910, 1554, 604, 223, 172, 211, 110, 448, 1419, 391, 64, 347, 1099, 694, 530, 1073, 760, 1545, 392, 614, 375, 154, 733, 806, 196, 43, 33, 999, 1334, 1407, 689, 1470, 66, 853, 630, 345, 877, 697, 947, 1207, 54, 333, 312, 1045, 403, 528, 672, 229, 684, 425, 140, 149, 1550, 643, 579, 1035, 642, 764, 183, 89, 485, 826, 1111, 72, 729, 688, 660, 450, 647, 662, 372, 484, 1571, 398, 822, 493, 446, 1559, 527, 1267, 546, 174, 898, 356, 809, 279, 184, 384, 152, 422, 1148, 263, 1177, 606, 778, 645, 1573, 956, 749, 1429, 518, 878, 1567, 287, 1557, 1063, 665, 36, 399, 436, 650, 1565, 358, 791, 1544, 799, 40, 703, 160, 757, 175, 316, 732, 44, 1468, 871, 488, 788, 371, 1195, 522, 1037, 848, 432, 565, 629, 87, 367, 299, 554, 786, 942, 969, 886, 70, 355, 127, 52, 881, 789, 687, 913, 539, 401, 558, 724, 206, 320, 1387, 439, 1062, 1232, 670, 85, 793, 336, 801, 849, 1209, 957, 1090, 91, 203, 536, 199, 781, 673, 840, 755, 497, 138, 86, 467, 411, 1249, 787, 682, 899, 746, 37, 850, 901, 1110, 1266, 798, 1200, 414, 637, 383, 1005, 364, 837, 638, 699, 1247, 906, 1104, 903, 602, 1240, 772, 547, 189, 823, 1442, 777, 828, 303, 180, 53, 1018, 735, 1415, 603, 402, 1478, 242, 396, 904, 1041, 706, 943, 1193, 538, 394, 1564, 810, 767, 1487, 769, 241, 1112, 195, 1206, 39, 1021, 238, 875, 824, 734, 431, 346, 224, 695, 1246, 698, 1311, 348, 382, 94, 170, 51, 1464, 972, 1529, 35, 77, 4, 474, 339, 1555, 879, 771, 1220, 885, 852, 67, 888, 745, 1563, 813, 1118, 505, 233, 217, 145, 465, 573, 75, 1404, 759, 188, 830, 1055, 216, 376, 462, 704, 1113, 1031, 1305, 150, 795, 833, 868, 451, 322, 164, 923, 1227, 1307, 155, 60, 1577, 81, 891, 1591, 876, 1547, 679, 1540, 1587, 1210, 178, 1030, 916, 663, 46, 1578, 186, 187, 1566, 315, 619, 69, 437, 820, 1091, 463, 176, 212, 1139, 1522, 227, 328, 288, 829, 716, 14, 572, 954, 262, 329, 766, 827, 143, 201, 191, 326, 874, 667, 268, 1338, 1503, 397, 752, 622, 230, 1253, 144, 912, 578, 553, 1176, 47, 1109, 1119, 342, 739, 661, 692, 1188, 851, 1222, 751, 590, 90, 873, 200, 920, 1219, 292, 524, 658, 812, 626, 526, 1400, 817, 420, 5, 905, 234, 354, 617, 470, 712, 779, 1590, 1569, 165, 409, 68, 674, 589, 641, 478, 285, 807, 902, 508, 1100, 612, 860, 761, 1405, 513, 45, 208, 428, 648, 1484, 1353, 226, 506, 469, 1006, 1592, 1070, 261, 379, 841, 202, 635, 847, 997, 585, 1575, 657, 800, 27, 581, 951, 1583, 576, 1558, 502, 167, 427, 1192, 685, 863, 111, 1107, 1275, 341, 854]
recall=0.6
precision=0.006122448979591836
fmeasure=0.012121212121212121
true_ratings=[4.0, 3.0, 4.0, 4.0, 5.0, 4.0, 4.0, 4.0, 5.0, 3.0]
pred_ratings=[3.506457601137924, 3.656374752922101, 4.726539407441979, 4.14486939545669, 6.4624338910908286, 6.4624338910908286, 3.711465953440884, 4.099412200754793, 5.000329444694506, 3.089727000672034]
mae=0.6424196429544952
mse=0.9526737846724087

user=669
true_movies=[23, 169, 257, 326, 340, 462, 505, 521, 537, 898]
pred_movies=[1230, 1434, 714, 504, 317, 882, 832, 11, 395, 567, 794, 1445, 773, 636, 378, 730, 768, 1399, 209, 281, 683, 1159, 583, 280, 314, 141, 307, 721, 294, 577, 1539, 440, 1488, 177, 770, 908, 690, 26, 389, 101, 796, 385, 264, 472, 880, 1175, 65, 1218, 442, 1422, 340, 623, 646, 1306, 722, 727, 1425, 41, 338, 545, 700, 909, 137, 601, 917, 669, 516, 1167, 163, 861, 821, 740, 370, 225, 318, 423, 210, 8, 1475, 319, 610, 747, 92, 844, 1579, 792, 444, 139, 494, 624, 568, 350, 173, 858, 109, 560, 1318, 23, 709, 453, 215, 1412, 1517, 964, 1261, 17, 710, 301, 564, 413, 1217, 1552, 306, 1043, 219, 30, 447, 720, 260, 426, 666, 561, 366, 1556, 365, 28, 702, 894, 42, 1574, 1208, 1499, 562, 1584, 1297, 393, 509, 719, 1228, 519, 512, 1423, 1042, 893, 2, 334, 1519, 1437, 1248, 1588, 586, 705, 753, 971, 135, 361, 754, 1421, 784, 1471, 715, 737, 1535, 691, 892, 353, 671, 839, 332, 430, 540, 708, 655, 1480, 1180, 941, 433, 49, 785, 1065, 855, 550, 521, 790, 434, 406, 805, 569, 232, 571, 1229, 289, 548, 596, 736, 525, 1359, 362, 61, 870, 1568, 862, 38, 765, 842, 1182, 1439, 763, 457, 308, 1250, 731, 625, 98, 896, 1308, 872, 32, 1224, 1586, 811, 1019, 455, 207, 380, 435, 1572, 1194, 1408, 541, 305, 1290, 563, 804, 843, 464, 678, 153, 686, 124, 889, 438, 939, 570, 99, 429, 78, 738, 1530, 1551, 1553, 24, 158, 231, 1589, 1531, 640, 627, 632, 1058, 404, 897, 725, 491, 1184, 381, 1391, 782, 857, 653, 1438, 693, 726, 418, 481, 1027, 797, 1147, 776, 895, 566, 1265, 468, 883, 1576, 1424, 102, 321, 1029, 1225, 1076, 1317, 445, 949, 825, 859, 405, 537, 1004, 1032, 213, 597, 218, 63, 286, 59, 1274, 1044, 421, 417, 675, 835, 498, 374, 1435, 1178, 76, 1316, 327, 575, 416, 80, 1518, 907, 959, 243, 723, 520, 363, 1570, 1444, 343, 615, 169, 386, 780, 461, 1562, 142, 1036, 834, 944, 424, 556, 1231, 549, 890, 1053, 415, 651, 869, 1585, 783, 552, 1474, 774, 750, 410, 542, 265, 1346, 239, 441, 887, 958, 639, 621, 584, 1509, 58, 9, 831, 274, 1580, 214, 88, 1069, 803, 1384, 100, 1108, 762, 1268, 1548, 818, 644, 377, 31, 1549, 351, 1271, 1221, 815, 846, 507, 443, 71, 866, 1441, 557, 373, 1101, 128, 816, 867, 21, 728, 911, 161, 652, 197, 400, 1146, 1546, 311, 613, 501, 996, 193, 1560, 48, 838, 185, 1382, 388, 1168, 1166, 473, 1469, 57, 349, 270, 1561, 492, 808, 466, 559, 273, 1072, 914, 775, 387, 814, 921, 900, 802, 29, 157, 970, 551, 582, 659, 476, 147, 1581, 83, 198, 845, 756, 1046, 331, 884, 1260, 819, 946, 588, 593, 1074, 419, 631, 758, 940, 1239, 918, 449, 477, 656, 555, 1066, 668, 452, 1103, 543, 574, 73, 166, 856, 1394, 1179, 55, 960, 865, 707, 1479, 62, 179, 955, 1078, 910, 1554, 604, 223, 211, 110, 448, 1419, 391, 1099, 694, 530, 1073, 760, 1545, 392, 375, 154, 733, 806, 43, 33, 999, 1334, 1407, 689, 1470, 66, 853, 630, 345, 877, 697, 947, 1207, 54, 333, 312, 1045, 403, 528, 672, 229, 684, 425, 140, 149, 1550, 643, 579, 1035, 642, 764, 89, 485, 826, 1111, 72, 729, 688, 660, 450, 662, 372, 484, 1571, 398, 822, 493, 446, 1559, 1267, 546, 898, 356, 809, 279, 184, 384, 152, 422, 1148, 263, 1177, 606, 778, 645, 1573, 956, 1429, 518, 878, 1567, 287, 1557, 1063, 665, 36, 399, 436, 650, 1565, 358, 791, 1544, 799, 40, 703, 160, 757, 316, 732, 44, 1468, 871, 488, 788, 371, 1195, 1037, 848, 25, 432, 565, 629, 87, 367, 299, 554, 786, 942, 969, 886, 70, 52, 881, 789, 687, 913, 539, 401, 558, 724, 206, 320, 1387, 439, 1062, 1232, 670, 85, 13, 793, 204, 336, 864, 801, 849, 1209, 957, 116, 1090, 91, 203, 536, 199, 781, 673, 840, 755, 497, 138, 86, 467, 471, 411, 1249, 787, 682, 899, 746, 37, 850, 901, 1110, 1266, 798, 1200, 414, 637, 383, 1005, 364, 837, 638, 699, 1247, 906, 1104, 903, 602, 1240, 772, 547, 189, 823, 1442, 777, 828, 303, 180, 53, 1018, 735, 1415, 402, 1478, 242, 396, 904, 1041, 706, 943, 1193, 538, 394, 1564, 810, 767, 1487, 769, 241, 1112, 1206, 39, 1021, 238, 875, 824, 734, 431, 346, 224, 695, 1246, 698, 1311, 382, 94, 170, 51, 1464, 972, 1529, 35, 77, 4, 339, 1555, 771, 1220, 885, 852, 67, 888, 745, 1563, 813, 529, 1118, 505, 233, 217, 145, 465, 573, 75, 1404, 759, 188, 830, 1055, 376, 462, 704, 1113, 510, 1031, 1305, 795, 833, 868, 451, 322, 164, 923, 1227, 182, 1307, 155, 60, 1577, 81, 891, 1591, 876, 1547, 679, 1540, 1587, 1210, 178, 1030, 916, 663, 46, 1578, 186, 1566, 315, 619, 69, 437, 820, 1091, 463, 176, 212, 1139, 1522, 227, 328, 288, 829, 716, 14, 572, 954, 262, 766, 827, 143, 201, 326, 874, 667, 1338, 1503, 397, 752, 622, 230, 1253, 95, 144, 912, 228, 578, 553, 1176, 47, 1109, 1119, 342, 739, 661, 237, 692, 1188, 851, 1222, 751, 590, 90, 873, 200, 920, 1219, 292, 524, 658, 812, 626, 526, 1400, 817, 420, 5, 905, 234, 617, 470, 712, 779, 1590, 1569, 165, 409, 68, 748, 674, 589, 641, 478, 285, 807, 1100, 612, 860, 761, 1405, 513, 45, 428, 648, 1484, 1353, 226, 506, 469, 1006, 1592, 1070, 261, 379, 841, 202, 635, 847, 997, 585, 1575, 800, 27, 581, 951, 1583, 576, 1558, 502, 167, 1192, 685, 863, 1107, 1275, 341, 275, 854]
recall=0.9
precision=0.009503695881731784
fmeasure=0.018808777429467082
true_ratings=[4.0, 3.0, 3.0, 1.0, 4.0, 5.0, 3.0, 4.0, 3.0, 1.0]
pred_ratings=[5.993200442420271, 3.3560414225068835, 3.631212967038318, 3.2662633207638185, 2.9543205041854677, 4.381995118915408, 3.544096829107716, 4.678465008151823, 3.0923433529947886, 2.2264898561195006]
mae=0.9451797576002242
mse=1.3378529176751048

user=592
true_movies=[20, 50, 79, 124, 204, 297, 323, 418, 433, 969]
pred_movies=[419, 1230, 1434, 758, 940, 1239, 918, 449, 477, 656, 190, 555, 504, 714, 1066, 317, 668, 832, 882, 452, 395, 567, 1103, 794, 1445, 543, 574, 73, 166, 773, 856, 1394, 1179, 636, 960, 378, 865, 649, 707, 1479, 62, 768, 1399, 955, 209, 1078, 910, 1554, 604, 1159, 583, 280, 314, 211, 141, 721, 664, 110, 577, 448, 1539, 1419, 391, 440, 1099, 1488, 694, 530, 760, 1545, 392, 177, 770, 614, 375, 908, 690, 26, 154, 733, 389, 43, 33, 999, 1334, 1407, 1470, 66, 101, 630, 796, 697, 385, 947, 1207, 54, 880, 1175, 65, 1218, 442, 1422, 1045, 623, 403, 646, 528, 1306, 672, 722, 229, 727, 684, 41, 1425, 1550, 545, 700, 909, 643, 579, 1035, 642, 764, 601, 917, 669, 516, 1167, 485, 163, 826, 861, 1111, 72, 729, 660, 450, 647, 662, 372, 821, 740, 1571, 398, 822, 370, 225, 493, 446, 1559, 1267, 210, 1475, 610, 1579, 356, 809, 792, 279, 384, 152, 444, 139, 494, 624, 422, 1148, 858, 1177, 606, 778, 645, 1573, 956, 749, 560, 1429, 878, 1567, 1318, 1557, 709, 453, 1063, 665, 36, 1412, 1517, 964, 399, 1261, 436, 650, 1565, 17, 710, 564, 413, 79, 1217, 1552, 791, 1544, 799, 1043, 219, 40, 703, 160, 757, 30, 447, 720, 175, 316, 426, 732, 44, 1468, 666, 871, 561, 488, 788, 366, 1556, 365, 371, 1195, 894, 1037, 848, 1574, 25, 1208, 565, 1499, 629, 562, 1584, 50, 554, 786, 942, 1297, 969, 393, 509, 719, 1228, 519, 1423, 355, 52, 687, 913, 1042, 539, 401, 724, 206, 2, 1387, 1519, 1437, 439, 1248, 1588, 1062, 586, 1232, 753, 670, 85, 361, 1421, 784, 793, 204, 1471, 715, 737, 511, 1535, 691, 864, 801, 849, 353, 671, 323, 839, 1209, 540, 430, 957, 708, 1090, 91, 1480, 1180, 941, 433, 49, 785, 536, 1065, 855, 205, 550, 790, 434, 199, 406, 781, 673, 805, 569, 840, 755, 232, 571, 497, 138, 86, 1229, 548, 596, 736, 525, 1249, 787, 899, 746, 37, 1359, 362, 850, 901, 870, 1110, 1266, 1568, 798, 1200, 414, 862, 38, 637, 765, 842, 1182, 1439, 383, 1005, 364, 837, 638, 699, 1247, 308, 1250, 731, 906, 625, 1104, 896, 903, 602, 1240, 772, 1308, 872, 1224, 1586, 1442, 811, 777, 828, 1019, 207, 380, 435, 53, 1572, 1018, 1194, 1408, 541, 1290, 563, 804, 1415, 843, 464, 153, 402, 1478, 396, 124, 889, 438, 904, 1041, 706, 943, 1193, 570, 429, 538, 78, 738, 1530, 1551, 394, 1553, 1564, 158, 810, 231, 1589, 1531, 640, 627, 632, 1058, 767, 1487, 404, 897, 725, 769, 491, 241, 381, 1112, 1391, 1206, 39, 857, 1021, 653, 1438, 824, 734, 693, 726, 418, 481, 1027, 695, 1246, 797, 1147, 776, 698, 348, 1311, 523, 566, 94, 51, 468, 883, 1464, 972, 1576, 1424, 1529, 35, 77, 474, 102, 321, 1029, 1555, 1225, 1076, 1317, 445, 949, 879, 859, 771, 1220, 537, 852, 67, 888, 745, 1004, 1563, 529, 1032, 1118, 505, 213, 233, 217, 145, 218, 63, 465, 573, 75, 1404, 759, 1274, 830, 1044, 417, 675, 835, 1055, 498, 374, 1435, 376, 1178, 76, 462, 704, 310, 1316, 575, 416, 80, 1518, 907, 959, 300, 723, 1113, 510, 1031, 520, 363, 1570, 1305, 1444, 795, 868, 615, 451, 164, 923, 386, 1227, 780, 1307, 1562, 142, 155, 1036, 834, 1577, 891, 1591, 944, 1547, 679, 424, 1540, 1587, 556, 1210, 1231, 549, 1030, 916, 1053, 415, 663, 651, 46, 869, 517, 1578, 783, 1585, 186, 552, 1474, 774, 1566, 437, 1091, 542, 1346, 239, 441, 212, 1139, 1522, 958, 227, 621, 639, 584, 829, 1509, 831, 274, 716, 1580, 214, 88, 572, 1069, 954, 329, 766, 827, 803, 143, 874, 667, 1384, 1338, 1108, 1503, 1268, 397, 1548, 818, 644, 377, 31, 1549, 622, 351, 1271, 1221, 230, 1253, 846, 507, 912, 228, 578, 553, 1176, 866, 1109, 557, 1119, 739, 1441, 373, 1101, 661, 128, 692, 1188, 851, 816, 1222, 915, 590, 90, 873, 867, 200, 21, 728, 920, 1219, 911, 161, 524, 658, 812, 626, 400, 1400, 82, 817, 420, 1146, 5, 905, 617, 1546, 470, 311, 712, 779, 613, 996, 1590, 1569, 165, 68, 674, 1560, 641, 478, 838, 1382, 515, 388, 1168, 807, 902, 473, 1100, 290, 612, 860, 761, 1469, 57, 513, 45, 208, 270, 349, 492, 428, 808, 1405, 1561, 648, 1484, 1353, 226, 506, 559, 775, 914, 387, 814, 1072, 921, 1006, 1592, 802, 379, 29, 841, 970, 551, 635, 582, 659, 476, 997, 585, 1575, 1581, 83, 800, 27, 756, 581, 951, 1046, 1583, 576, 1558, 502, 884, 167, 1192, 1260, 863, 819, 946, 111, 1107, 341, 588, 593, 1074, 275]
recall=0.8
precision=0.010309278350515464
fmeasure=0.020356234096692113
true_ratings=[4.0, 5.0, 4.0, 5.0, 5.0, 5.0, 1.0, 4.0, 5.0, 4.0]
pred_ratings=[3.665902696370906, 6.367558895403807, 5.413884378264867, 4.951451610149605, 6.367558895403807, 4.051982781249077, 3.4718179521920347, 4.937047119695397, 5.367558895403807, 4.482234419032767]
mae=0.9738323467626898
mse=1.4107809171193724

user=205
true_movies=[258, 269, 289, 304, 313, 316, 326, 333, 678, 984]
pred_movies=[1230, 1434, 714, 190, 504, 317, 882, 832, 11, 395, 567, 794, 1445, 773, 636, 378, 649, 730, 768, 1399, 209, 281, 683, 1159, 583, 280, 314, 141, 307, 721, 664, 577, 1539, 440, 1488, 177, 194, 770, 908, 690, 26, 389, 531, 101, 276, 796, 385, 264, 475, 472, 880, 1175, 65, 1218, 442, 1422, 340, 623, 646, 480, 1306, 722, 727, 1425, 41, 482, 338, 545, 700, 909, 137, 601, 917, 669, 516, 1167, 163, 861, 821, 181, 740, 370, 225, 318, 423, 210, 8, 1475, 319, 610, 747, 92, 222, 844, 1579, 792, 97, 444, 139, 494, 624, 568, 350, 173, 858, 109, 560, 1318, 23, 709, 453, 215, 1412, 1517, 964, 1261, 17, 710, 301, 564, 413, 79, 1217, 1552, 306, 1043, 219, 30, 447, 720, 260, 426, 666, 561, 366, 1556, 365, 28, 702, 894, 42, 1574, 1208, 1499, 562, 1584, 1297, 393, 509, 719, 1228, 519, 512, 1423, 1042, 893, 2, 334, 1519, 1437, 1248, 1588, 117, 586, 705, 753, 971, 135, 361, 754, 1421, 784, 1471, 715, 737, 1535, 691, 892, 353, 671, 323, 839, 332, 430, 540, 708, 655, 1480, 1180, 941, 433, 49, 785, 1065, 855, 205, 550, 521, 790, 434, 406, 805, 569, 232, 571, 1229, 289, 548, 271, 596, 736, 525, 1359, 362, 61, 870, 1568, 862, 38, 765, 842, 1182, 1439, 763, 457, 308, 1250, 731, 625, 98, 896, 22, 313, 1308, 872, 32, 1224, 1586, 811, 1019, 455, 207, 380, 435, 1572, 1194, 1408, 541, 305, 1290, 563, 804, 843, 464, 678, 7, 153, 686, 124, 889, 438, 939, 570, 99, 429, 78, 738, 1530, 1551, 1553, 24, 158, 231, 1589, 1531, 640, 627, 632, 1058, 118, 404, 897, 725, 491, 1184, 381, 1391, 514, 782, 857, 653, 1438, 693, 726, 418, 481, 1027, 797, 1147, 776, 895, 523, 566, 1265, 468, 883, 1576, 1424, 102, 321, 1029, 654, 1225, 1076, 1317, 445, 949, 825, 1, 859, 357, 405, 537, 1004, 1032, 213, 96, 597, 218, 63, 59, 1274, 1044, 421, 417, 675, 835, 498, 374, 1435, 1178, 76, 310, 1316, 327, 575, 416, 80, 1518, 907, 959, 723, 192, 520, 363, 1570, 1444, 343, 615, 169, 386, 780, 461, 1562, 142, 1036, 834, 121, 132, 944, 424, 556, 1231, 549, 890, 1053, 415, 651, 869, 517, 1585, 783, 552, 1474, 774, 750, 258, 410, 542, 265, 1346, 239, 441, 887, 958, 639, 621, 584, 1509, 58, 9, 831, 274, 1580, 214, 88, 1069, 803, 1384, 100, 1108, 762, 1268, 1548, 818, 644, 377, 31, 1549, 351, 1271, 1221, 815, 846, 507, 443, 71, 866, 1441, 557, 373, 1101, 128, 816, 915, 867, 21, 728, 911, 161, 652, 197, 400, 82, 1146, 1546, 311, 613, 501, 996, 193, 1560, 48, 838, 185, 269, 1382, 515, 388, 1168, 1166, 473, 290, 1469, 57, 349, 270, 1561, 492, 808, 466, 559, 273, 1072, 914, 775, 387, 814, 921, 900, 802, 29, 157, 970, 551, 582, 659, 476, 302, 147, 1581, 83, 198, 845, 756, 1046, 331, 884, 1260, 819, 946, 588, 593, 1074, 419, 631, 758, 940, 1239, 918, 449, 477, 656, 555, 1066, 668, 452, 1103, 543, 574, 73, 166, 856, 1394, 1179, 55, 960, 865, 235, 707, 1479, 62, 179, 955, 1078, 910, 1554, 604, 223, 172, 211, 110, 448, 1419, 391, 64, 347, 1099, 694, 530, 1073, 760, 1545, 392, 614, 375, 154, 733, 806, 196, 43, 33, 999, 1334, 1407, 689, 1470, 66, 853, 630, 345, 877, 697, 947, 1207, 54, 333, 312, 1045, 403, 528, 672, 229, 684, 425, 140, 149, 1550, 643, 579, 1035, 642, 764, 183, 89, 485, 826, 1111, 72, 729, 688, 660, 450, 647, 662, 372, 484, 1571, 398, 822, 493, 446, 1559, 527, 1267, 546, 174, 898, 356, 809, 279, 184, 384, 152, 422, 1148, 263, 1177, 606, 778, 645, 1573, 956, 749, 1429, 518, 878, 1567, 287, 1557, 1063, 665, 36, 399, 436, 650, 1565, 358, 791, 1544, 799, 40, 703, 160, 757, 175, 316, 732, 44, 1468, 871, 488, 788, 371, 1195, 522, 1037, 848, 25, 432, 565, 629, 87, 367, 299, 50, 554, 786, 942, 969, 886, 70, 355, 127, 52, 881, 789, 687, 913, 539, 401, 558, 724, 206, 320, 1387, 439, 1062, 1232, 670, 85, 13, 793, 204, 336, 511, 864, 801, 849, 1209, 957, 116, 1090, 91, 203, 536, 199, 781, 673, 840, 755, 497, 138, 86, 467, 471, 411, 1249, 787, 682, 899, 746, 37, 850, 901, 1110, 1266, 798, 1200, 414, 637, 383, 1005, 364, 837, 638, 699, 1247, 906, 1104, 903, 602, 1240, 772, 547, 189, 823, 1442, 777, 828, 303, 180, 53, 1018, 735, 1415, 603, 402, 1478, 396, 904, 1041, 706, 943, 1193, 538, 394, 1564, 810, 767, 1487, 769, 241, 1112, 195, 1206, 39, 1021, 238, 824, 734, 431, 346, 224, 695, 1246, 698, 1311, 348, 382, 94, 170, 51, 1464, 972, 1529, 35, 77, 4, 474, 339, 1555, 879, 771, 1220, 885, 852, 67, 888, 745, 1563, 813, 529, 1118, 505, 233, 217, 145, 465, 573, 75, 1404, 759, 188, 830, 1055, 216, 376, 483, 462, 704, 1113, 510, 1031, 1305, 150, 795, 833, 868, 451, 164, 923, 168, 1227, 182, 1307, 155, 60, 1577, 81, 891, 1591, 876, 1547, 679, 1540, 1587, 1210, 178, 1030, 916, 663, 46, 1578, 186, 187, 1566, 619, 69, 437, 820, 1091, 463, 176, 212, 1139, 1522, 227, 288, 829, 716, 14, 572, 954, 262, 329, 766, 827, 143, 201, 191, 326, 874, 667, 1338, 1503, 397, 752, 12, 622, 230, 1253, 95, 144, 912, 228, 578, 553, 1176, 47, 1109, 1119, 342, 739, 661, 237, 692, 1188, 851, 1222, 751, 590, 90, 873, 200, 920, 1219, 292, 524, 658, 812, 626, 526, 1400, 817, 420, 5, 905, 234, 354, 617, 470, 712, 779, 1590, 1569, 165, 409, 68, 674, 589, 641, 478, 285, 807, 902, 508, 1100, 612, 860, 761, 1405, 513, 45, 208, 428, 648, 1484, 1353, 226, 506, 469, 1006, 1592, 1070, 261, 379, 841, 202, 635, 847, 997, 585, 1575, 657, 800, 27, 581, 951, 1583, 576, 1558, 502, 167, 427, 1192, 685, 863, 111, 1107, 1275, 341, 275, 854]
recall=0.8
precision=0.007889546351084813
fmeasure=0.015625
true_ratings=[3.0, 3.0, 4.0, 3.0, 3.0, 4.0, 4.0, 4.0, 1.0, 1.0]
pred_ratings=[3.3072300246163446, 2.4347321672981184, 1.9603985021698542, 2.6886325928402703, 4.331981820683317, 4.0175278940954815, 2.6051610774158136, 2.743130320069641, 2.3253326564964723, 2.11454841614081]
mae=0.9664566152238727
mse=1.29693465751899

user=726
true_movies=[249, 257, 274, 310, 355, 819, 845, 1014, 1028, 1059]
pred_movies=[1230, 1434, 714, 190, 504, 317, 882, 11, 395, 567, 794, 1445, 773, 636, 378, 649, 730, 768, 1399, 209, 281, 683, 1159, 583, 280, 314, 141, 307, 721, 664, 577, 1539, 440, 1488, 177, 194, 770, 908, 690, 26, 389, 531, 101, 276, 796, 385, 264, 475, 472, 880, 1175, 65, 1218, 442, 1422, 340, 623, 646, 480, 1306, 722, 727, 1425, 41, 482, 338, 545, 700, 909, 137, 601, 917, 669, 516, 1167, 163, 861, 821, 181, 740, 370, 225, 318, 423, 210, 8, 1475, 319, 610, 747, 92, 222, 844, 1579, 792, 97, 444, 139, 494, 624, 568, 350, 173, 858, 109, 560, 1318, 23, 709, 453, 215, 1412, 1517, 964, 1261, 17, 710, 301, 564, 413, 79, 1217, 1552, 306, 1043, 219, 30, 447, 720, 260, 426, 666, 561, 366, 1556, 365, 28, 702, 894, 42, 1574, 1208, 1499, 562, 1584, 1297, 393, 509, 719, 1228, 519, 512, 1423, 1042, 893, 2, 334, 1519, 1437, 1248, 1588, 586, 705, 753, 971, 135, 361, 754, 1421, 784, 1471, 715, 737, 1535, 691, 892, 353, 671, 839, 332, 430, 540, 708, 655, 1480, 1180, 941, 433, 49, 785, 1065, 855, 205, 550, 521, 790, 434, 406, 805, 569, 232, 571, 1229, 289, 548, 271, 596, 736, 525, 1359, 362, 61, 870, 1568, 862, 38, 765, 842, 1182, 1439, 457, 308, 1250, 731, 625, 98, 896, 22, 313, 1308, 872, 32, 1224, 1586, 811, 1019, 455, 207, 380, 435, 1572, 1194, 1408, 541, 305, 1290, 563, 804, 843, 464, 678, 7, 153, 686, 124, 889, 438, 939, 570, 99, 429, 78, 738, 1530, 1551, 1553, 24, 158, 231, 1589, 1531, 640, 627, 632, 1058, 118, 404, 897, 725, 491, 1184, 381, 1391, 514, 782, 857, 653, 1438, 693, 726, 418, 481, 1027, 797, 1147, 776, 895, 523, 566, 1265, 468, 883, 1576, 1424, 102, 321, 1029, 654, 1225, 1076, 1317, 445, 949, 825, 859, 357, 405, 537, 1004, 1032, 213, 96, 597, 218, 63, 286, 59, 1274, 1044, 421, 417, 675, 835, 498, 374, 1435, 1178, 76, 310, 1316, 327, 575, 416, 80, 1518, 907, 959, 300, 243, 723, 192, 520, 363, 1570, 1444, 343, 615, 169, 386, 780, 461, 1562, 142, 1036, 834, 121, 132, 944, 424, 556, 1231, 549, 890, 1053, 415, 651, 869, 517, 1585, 783, 552, 1474, 774, 750, 258, 410, 542, 265, 1346, 239, 441, 887, 958, 639, 621, 584, 1509, 58, 9, 831, 274, 1580, 214, 88, 1069, 803, 1384, 100, 1108, 762, 1268, 1548, 818, 644, 377, 31, 1549, 351, 1271, 1221, 815, 846, 507, 443, 71, 866, 1441, 557, 373, 1101, 128, 816, 915, 867, 21, 728, 911, 161, 652, 197, 400, 82, 1146, 1546, 311, 613, 501, 996, 193, 1560, 48, 838, 185, 269, 1382, 515, 388, 1168, 1166, 473, 290, 1469, 57, 349, 270, 1561, 492, 808, 466, 559, 273, 1072, 914, 775, 387, 814, 921, 900, 802, 29, 157, 970, 551, 582, 659, 476, 302, 147, 1581, 83, 198, 845, 756, 1046, 331, 884, 1260, 819, 946, 588, 593, 1074, 419, 631, 758, 940, 1239, 918, 449, 477, 656, 555, 1066, 668, 452, 1103, 543, 574, 73, 166, 856, 1394, 1179, 55, 960, 865, 235, 707, 1479, 62, 179, 955, 1078, 910, 1554, 604, 223, 172, 211, 110, 448, 1419, 391, 64, 347, 1099, 694, 530, 1073, 760, 1545, 392, 614, 375, 154, 733, 806, 196, 43, 33, 999, 1334, 1407, 689, 1470, 66, 853, 630, 345, 877, 697, 947, 1207, 54, 333, 312, 1045, 403, 528, 672, 229, 684, 425, 140, 149, 1550, 643, 579, 1035, 642, 764, 183, 89, 485, 826, 1111, 72, 729, 688, 660, 450, 647, 662, 372, 484, 1571, 398, 822, 493, 446, 1559, 527, 1267, 546, 174, 356, 809, 279, 184, 384, 152, 422, 1148, 263, 1177, 606, 778, 645, 1573, 956, 749, 1429, 518, 878, 1567, 287, 1557, 1063, 665, 36, 399, 436, 650, 1565, 358, 791, 1544, 799, 40, 703, 160, 757, 175, 316, 732, 44, 1468, 871, 488, 788, 371, 1195, 522, 1037, 848, 432, 565, 629, 87, 367, 299, 50, 554, 786, 942, 969, 886, 70, 355, 127, 52, 881, 789, 687, 913, 539, 401, 558, 724, 206, 320, 1387, 439, 1062, 1232, 670, 85, 13, 793, 204, 336, 511, 864, 801, 849, 1209, 957, 116, 1090, 91, 203, 536, 199, 781, 673, 840, 755, 497, 138, 86, 467, 471, 411, 1249, 787, 682, 899, 746, 37, 850, 901, 1110, 1266, 798, 1200, 414, 637, 383, 1005, 364, 837, 638, 699, 1247, 906, 1104, 903, 602, 1240, 772, 547, 189, 823, 1442, 777, 828, 303, 180, 53, 1018, 735, 1415, 603, 402, 1478, 242, 396, 904, 1041, 706, 943, 1193, 538, 394, 1564, 810, 767, 1487, 769, 241, 1112, 195, 1206, 39, 1021, 238, 875, 824, 734, 431, 346, 224, 695, 1246, 698, 1311, 348, 382, 94, 170, 51, 1464, 972, 1529, 35, 77, 4, 474, 339, 1555, 879, 771, 1220, 885, 852, 67, 888, 745, 1563, 813, 529, 1118, 505, 233, 217, 145, 465, 573, 75, 1404, 759, 188, 830, 1055, 216, 376, 483, 462, 704, 1113, 510, 1031, 1305, 150, 795, 868, 451, 322, 164, 923, 168, 1227, 182, 1307, 155, 60, 1577, 81, 891, 1591, 876, 1547, 679, 1540, 1587, 1210, 178, 1030, 916, 663, 46, 1578, 186, 187, 1566, 315, 619, 69, 437, 820, 1091, 463, 176, 212, 1139, 1522, 227, 328, 288, 829, 716, 14, 572, 954, 262, 329, 766, 827, 143, 201, 191, 326, 874, 667, 268, 1338, 1503, 397, 752, 12, 622, 230, 1253, 95, 144, 912, 228, 578, 553, 1176, 47, 1109, 1119, 342, 739, 661, 237, 692, 1188, 851, 1222, 751, 590, 90, 873, 200, 920, 1219, 292, 524, 658, 812, 626, 526, 1400, 817, 420, 5, 905, 234, 354, 617, 470, 712, 779, 1590, 1569, 165, 68, 748, 674, 589, 641, 478, 285, 807, 902, 508, 1100, 612, 860, 761, 1405, 513, 45, 208, 428, 648, 1484, 1353, 226, 506, 469, 1006, 1592, 1070, 261, 379, 841, 202, 635, 847, 997, 585, 1575, 657, 800, 27, 581, 951, 1583, 576, 1558, 502, 167, 427, 1192, 685, 863, 111, 1107, 1275, 341, 275, 854]
recall=0.5
precision=0.0049261083743842365
fmeasure=0.00975609756097561
true_ratings=[1.0, 3.0, 4.0, 4.0, 3.0, 3.0, 3.0, 1.0, 2.0, 5.0]
pred_ratings=[2.8150681433610667, 3.2915304273557786, 2.9996588617459774, 3.594882281971654, 2.749532847516917, 1.6802844145796005, 2.9839756210046398, 2.6284096010110414, 2.602069410175636, 2.2991842475822275]
mae=1.0029559307502507
mse=1.6657516046901115

user=291
true_movies=[15, 80, 118, 144, 376, 418, 686, 1016, 1042, 1178]
pred_movies=[419, 1230, 1434, 758, 918, 449, 477, 656, 190, 714, 504, 1066, 317, 668, 832, 882, 452, 1103, 1445, 543, 73, 166, 856, 1394, 1179, 960, 378, 865, 649, 707, 730, 1479, 62, 768, 1399, 955, 209, 281, 683, 910, 1554, 604, 1159, 583, 280, 314, 211, 141, 307, 721, 664, 110, 1539, 1419, 347, 440, 1099, 1488, 694, 530, 1545, 392, 177, 194, 614, 908, 690, 26, 733, 806, 389, 196, 43, 999, 531, 1334, 1407, 689, 1470, 276, 630, 345, 853, 877, 796, 697, 947, 264, 1207, 472, 333, 312, 880, 65, 1175, 1218, 442, 1422, 340, 1045, 623, 646, 528, 480, 1306, 727, 1425, 229, 684, 482, 425, 149, 338, 1550, 545, 700, 909, 643, 579, 1035, 642, 137, 183, 601, 764, 917, 669, 516, 1167, 485, 163, 826, 861, 1111, 688, 660, 450, 647, 662, 372, 484, 821, 740, 1571, 398, 822, 370, 225, 318, 446, 493, 1559, 527, 1267, 1475, 319, 610, 222, 898, 1579, 809, 792, 279, 152, 444, 139, 494, 624, 422, 1148, 350, 858, 263, 1177, 109, 606, 778, 645, 1573, 956, 749, 560, 1429, 518, 878, 1567, 1318, 287, 23, 1557, 709, 453, 1063, 665, 36, 1412, 1517, 964, 399, 1261, 436, 650, 1565, 710, 301, 564, 358, 1552, 306, 791, 1544, 799, 1043, 40, 703, 160, 757, 30, 447, 720, 260, 316, 426, 44, 1468, 666, 871, 561, 488, 788, 1556, 371, 1195, 702, 894, 42, 522, 1037, 848, 1574, 25, 1208, 432, 1499, 629, 1584, 87, 299, 554, 786, 942, 1297, 969, 886, 509, 719, 1228, 519, 512, 1423, 355, 127, 52, 881, 789, 687, 913, 1042, 539, 724, 206, 893, 2, 334, 320, 1387, 1519, 1437, 439, 1588, 1062, 586, 705, 1232, 753, 971, 135, 361, 13, 754, 1421, 784, 793, 737, 336, 511, 1535, 691, 892, 864, 849, 353, 671, 323, 839, 332, 430, 957, 116, 708, 91, 1480, 203, 1180, 433, 536, 1065, 855, 205, 521, 434, 199, 406, 781, 673, 805, 840, 497, 138, 86, 289, 467, 548, 271, 596, 736, 525, 1249, 787, 682, 899, 746, 37, 1359, 362, 850, 61, 901, 870, 1110, 1266, 1568, 1200, 414, 862, 637, 765, 842, 1182, 1439, 1005, 457, 638, 837, 699, 1247, 308, 1250, 731, 906, 625, 1104, 896, 903, 313, 602, 1240, 1308, 547, 32, 872, 189, 1224, 1586, 1442, 811, 777, 828, 1019, 303, 180, 207, 435, 380, 1572, 1018, 1194, 1408, 541, 305, 1290, 804, 1415, 843, 464, 678, 603, 686, 242, 889, 438, 904, 1041, 1193, 570, 429, 538, 78, 738, 1530, 1551, 394, 1553, 1564, 810, 1589, 1531, 640, 632, 1058, 118, 767, 1487, 897, 725, 491, 241, 1184, 381, 1112, 1391, 514, 39, 782, 857, 1021, 653, 875, 1438, 734, 693, 726, 431, 346, 224, 418, 481, 1027, 695, 1246, 797, 1147, 776, 895, 348, 382, 523, 698, 1311, 1265, 170, 51, 468, 883, 1464, 972, 1576, 1424, 1529, 35, 474, 102, 321, 339, 1029, 1555, 654, 1225, 1076, 1317, 445, 949, 879, 859, 771, 885, 357, 537, 852, 888, 745, 1004, 1563, 813, 529, 1032, 1118, 505, 213, 233, 217, 145, 63, 465, 286, 1404, 75, 59, 759, 1274, 830, 1044, 675, 835, 1055, 216, 498, 374, 1435, 376, 1178, 76, 483, 462, 704, 310, 1316, 327, 80, 1518, 907, 959, 300, 243, 723, 1113, 510, 1031, 192, 520, 363, 1570, 1444, 150, 343, 795, 615, 868, 169, 451, 322, 923, 386, 1227, 182, 461, 1307, 1562, 142, 60, 1036, 1577, 81, 891, 1591, 132, 876, 944, 1547, 679, 424, 1540, 1587, 556, 1231, 178, 549, 1030, 916, 890, 1053, 415, 663, 651, 869, 517, 1578, 1585, 186, 1474, 187, 1566, 750, 315, 437, 258, 1091, 542, 1346, 265, 239, 463, 441, 176, 887, 1522, 958, 227, 621, 328, 639, 584, 1509, 58, 831, 274, 716, 1580, 88, 14, 1069, 954, 329, 766, 827, 803, 201, 191, 326, 874, 667, 268, 1338, 1384, 1108, 1503, 762, 1268, 397, 1548, 752, 818, 644, 377, 1549, 622, 351, 1271, 1221, 230, 815, 144, 846, 507, 912, 443, 228, 47, 553, 1176, 866, 1119, 557, 1441, 342, 373, 1101, 661, 692, 851, 1222, 915, 751, 590, 873, 867, 728, 920, 911, 292, 161, 524, 652, 812, 626, 658, 526, 197, 400, 1400, 817, 1146, 905, 354, 617, 1546, 311, 712, 779, 613, 996, 1590, 1569, 165, 193, 409, 68, 748, 674, 1560, 589, 641, 478, 838, 185, 269, 1382, 515, 388, 1168, 807, 1166, 902, 473, 1100, 612, 860, 1469, 57, 513, 45, 208, 270, 349, 492, 808, 1405, 1561, 648, 1484, 1353, 506, 559, 914, 775, 1072, 387, 814, 921, 1006, 1592, 900, 1070, 261, 802, 29, 157, 841, 970, 635, 847, 659, 476, 302, 997, 585, 1575, 1581, 83, 657, 198, 845, 951, 1583, 331, 1558, 502, 884, 167, 1192, 1260, 863, 819, 111, 1107, 1275, 341, 593, 1074, 275, 854]
recall=0.8
precision=0.009987515605493134
fmeasure=0.019728729963008628
true_ratings=[5.0, 4.0, 2.0, 5.0, 3.0, 4.0, 5.0, 4.0, 4.0, 4.0]
pred_ratings=[3.881781442856782, 2.916672000322107, 3.947264246774867, 4.275850477516396, 5.047286931934785, 4.794757836501204, 4.657302206774325, 3.6058407108922683, 3.1340797976056667, 2.7572387507480904]
mae=1.056054362849522
mse=1.4130343316685976

