k=9

user=489
true_movies=[271, 289, 292, 310, 321, 342, 457, 881, 1238, 1293]
pred_movies=[427, 815, 168, 329, 603, 100, 457, 198, 153, 211, 705, 435, 127, 246, 255, 242, 11, 186, 271, 292, 357, 174, 342, 181, 8, 154, 707, 690, 202, 514, 520, 348, 321, 483, 1296, 210, 223, 513, 111]
recall=0.5
precision=0.1282051282051282
fmeasure=0.2040816326530612
true_ratings=[4.0, 2.0, 4.0, 4.0, 3.0, 3.0, 3.0, 2.0, 4.0, 5.0]
pred_ratings=[3.6021456670301033, 3.2265270186507506, 3.940363426400077, 3.946908681650184, 3.3657849643435154, 3.3192285962098538, 2.3218304161652403, 3.256012806577801, 3.2932902480561546, 4.90264998159735]
mae=0.5160364964882812
mse=0.44511351978175656

user=438
true_movies=[9, 15, 50, 121, 181, 237, 269, 321, 476, 1028]
pred_movies=[524, 358, 316, 150, 936, 329, 748, 109, 602, 127, 420, 13, 406, 421, 259, 294, 283, 473, 1154, 234, 350, 275, 513, 328, 655, 750, 357, 633, 455, 187, 224, 285, 879, 261, 885, 251, 689, 137, 14, 425, 625, 751, 237, 742, 304, 200, 319, 268, 278, 515, 484, 274, 313, 306, 332, 310, 38, 269, 258, 521, 121, 207, 7, 708, 133, 664, 248, 346, 181, 222, 568, 1251, 243, 519, 676, 343, 847, 530, 50, 151, 1355, 55, 1019, 895, 195, 249, 289, 273, 19, 763, 323, 333, 302, 806, 682, 116, 483, 327, 15, 197, 287, 124, 111]
recall=0.6
precision=0.05825242718446602
fmeasure=0.10619469026548674
true_ratings=[4.0, 4.0, 5.0, 5.0, 4.0, 5.0, 4.0, 5.0, 5.0, 2.0]
pred_ratings=[4.261739692890037, 4.196072370897087, 4.565433155675406, 3.8705446676674224, 4.310455233851747, 4.124717831589307, 4.350111350440738, 3.596916356117222, 3.3930602544558752, 3.487162577877499]
mae=0.8054868960451875
mse=0.9319100606235248

user=310
true_movies=[14, 24, 116, 257, 258, 304, 536, 748, 832, 845]
pred_movies=[312, 316, 678, 25, 329, 748, 1294, 100, 153, 1313, 406, 421, 471, 322, 259, 908, 1176, 118, 328, 234, 292, 349, 750, 633, 347, 893, 405, 285, 879, 476, 288, 315, 625, 751, 321, 237, 742, 1, 223, 304, 338, 319, 877, 191, 300, 280, 631, 880, 149, 313, 332, 310, 38, 269, 258, 121, 354, 207, 295, 276, 133, 303, 644, 340, 568, 243, 676, 345, 307, 1355, 895, 202, 286, 289, 331, 892, 323, 272, 333, 302, 116, 352, 327, 15, 197, 287, 124, 111]
recall=0.4
precision=0.045454545454545456
fmeasure=0.0816326530612245
true_ratings=[5.0, 4.0, 5.0, 5.0, 3.0, 5.0, 4.0, 3.0, 1.0, 5.0]
pred_ratings=[4.061264348662911, 3.6479970994385833, 4.003975458419339, 3.947374583199934, 4.07090295894882, 3.7282203022433618, 3.5645798815151952, 3.390605685706859, 2.9432295129178456, 3.6415494827474575]
mae=0.9809777001346742
mse=1.1833164796717175

user=938
true_movies=[122, 125, 240, 313, 333, 477, 763, 864, 988, 1033]
pred_movies=[312, 316, 880, 988, 329, 1060, 1294, 123, 268, 1093, 197, 313, 306, 13, 421, 332, 107, 1312, 322, 294, 283, 827, 310, 38, 269, 301, 234, 350, 207, 934, 292, 409, 831, 633, 750, 347, 133, 346, 1011, 285, 879, 1322, 744, 261, 568, 315, 307, 690, 689, 937, 331, 137, 120, 348, 975, 625, 368, 751, 682, 321, 834, 412, 339, 477, 1120, 369, 304, 271, 924, 974]
recall=0.3
precision=0.04285714285714286
fmeasure=0.075
true_ratings=[1.0, 3.0, 2.0, 5.0, 4.0, 1.0, 4.0, 4.0, 3.0, 2.0]
pred_ratings=[2.240295405280903, 3.3167070281648345, 2.607329972003762, 4.150709583529978, 3.3704642517806063, 2.9088021653370424, 3.2112964376196036, 2.993401811527018, 2.149753094791974, 2.6330117586210506]
mae=0.8830521150158412
mse=0.9527537813850329

user=402
true_movies=[7, 16, 111, 126, 127, 234, 255, 257, 480, 764]
pred_movies=[427, 631, 358, 606, 988, 603, 872, 268, 191, 153, 194, 705, 274, 22, 306, 406, 421, 332, 283, 294, 259, 310, 38, 98, 301, 121, 328, 234, 350, 566, 207, 886, 633, 750, 133, 303, 346, 1011, 644, 873, 261, 325, 288, 568, 740, 885, 215, 676, 315, 478, 1355, 202, 689, 604, 289, 331, 280, 323, 14, 1203, 625, 302, 751, 482, 682, 321, 742, 197, 304, 924, 111, 319, 877]
recall=0.2
precision=0.0273972602739726
fmeasure=0.048192771084337345
true_ratings=[4.0, 3.0, 4.0, 4.0, 5.0, 4.0, 4.0, 4.0, 5.0, 3.0]
pred_ratings=[4.122090042041632, 3.656374752922101, 3.783337361574927, 4.14486939545669, 4.566169201467801, 4.0530370050657405, 3.711465953440884, 4.099412200754793, 4.528994206014895, 3.3473474406686194]
mae=0.28331641144110703
mse=0.11403171051192754

user=669
true_movies=[23, 169, 257, 326, 340, 462, 505, 521, 537, 898]
pred_movies=[524, 316, 100, 432, 199, 242, 294, 228, 305, 485, 1197, 264, 318, 995, 229, 8, 520, 425, 751, 210, 304, 200, 185, 332, 204, 186, 566, 161, 708, 89, 238, 568, 519, 55, 202, 895, 604, 289, 333, 449, 265, 878, 513, 709, 684, 748, 602, 435, 221, 322, 283, 328, 655, 4, 9, 230, 292, 288, 885, 720, 136, 88, 28, 732, 742, 319, 149, 38, 58, 295, 245, 1475, 227, 340, 73, 530, 286, 19, 327, 15]
recall=0.1
precision=0.0125
fmeasure=0.022222222222222227
true_ratings=[4.0, 3.0, 3.0, 1.0, 4.0, 5.0, 3.0, 4.0, 3.0, 1.0]
pred_ratings=[3.8936405530465645, 4.265590454888525, 3.631212967038318, 3.218518557537348, 3.508322908972744, 3.5712818103003845, 3.735833460158556, 3.6417795861961566, 3.6959639853136648, 3.0064220382685867]
mae=0.9938516604689148
mse=1.4396135969233925

user=592
true_movies=[20, 50, 79, 124, 204, 297, 323, 418, 433, 969]
pred_movies=[300, 316, 606, 880, 872, 908, 310, 510, 275, 566, 948, 270, 311, 433, 1007, 478, 690, 1527, 604, 86, 1203, 321, 891, 924]
recall=0.1
precision=0.041666666666666664
fmeasure=0.058823529411764705
true_ratings=[4.0, 5.0, 4.0, 5.0, 5.0, 5.0, 1.0, 4.0, 5.0, 4.0]
pred_ratings=[3.665902696370906, 4.560699603675317, 4.253805500082863, 4.256972658963345, 4.0565660195051425, 4.051982781249077, 3.25162747826402, 3.757781857697051, 4.052645537352332, 3.9538922269574948]
mae=0.7148989596576218
mse=0.8738019364471847

user=205
true_movies=[258, 269, 289, 304, 313, 316, 326, 333, 678, 984]
pred_movies=[312, 358, 316, 150, 329, 164, 100, 938, 153, 406, 421, 471, 283, 118, 234, 9, 633, 285, 879, 299, 873, 288, 885, 326, 689, 625, 751, 237, 742, 1, 304, 319, 191, 877, 280, 631, 168, 988, 274, 313, 332, 310, 38, 269, 258, 121, 207, 245, 886, 178, 133, 89, 644, 340, 222, 172, 568, 433, 676, 343, 50, 151, 1355, 202, 331, 289, 323, 333, 302, 682, 116, 327, 15, 197, 287, 124, 111]
recall=0.8
precision=0.1038961038961039
fmeasure=0.18390804597701152
true_ratings=[3.0, 3.0, 4.0, 3.0, 3.0, 4.0, 4.0, 4.0, 1.0, 1.0]
pred_ratings=[2.946745750262365, 3.26067817335, 2.39904059404174, 2.7509877533653864, 3.4706056787446187, 3.3632569843562687, 2.554115118859854, 2.718204821034983, 2.036294669104727, 2.11454841614081]
mae=0.8149775915419559
mse=0.9372485399978686

user=726
true_movies=[249, 257, 274, 310, 355, 819, 845, 1014, 1028, 1059]
pred_movies=[312, 358, 316, 748, 100, 938, 153, 435, 406, 421, 283, 305, 118, 328, 234, 264, 633, 995, 873, 288, 885, 252, 315, 326, 690, 689, 625, 841, 685, 210, 237, 742, 739, 338, 319, 191, 280, 300, 877, 631, 268, 274, 313, 332, 310, 38, 269, 258, 121, 207, 7, 257, 245, 886, 133, 303, 342, 644, 340, 222, 568, 676, 282, 343, 50, 151, 202, 286, 289, 333, 302, 538, 682, 327, 197, 111]
recall=0.3
precision=0.039473684210526314
fmeasure=0.0697674418604651
true_ratings=[1.0, 3.0, 4.0, 4.0, 3.0, 3.0, 3.0, 1.0, 2.0, 5.0]
pred_ratings=[2.8150681433610667, 3.211587335252844, 3.0100941675698665, 3.361933711579889, 2.5489005158039912, 2.2830412461110114, 2.985705326903302, 2.6284096010110414, 2.602069410175636, 2.2991842475822275]
mae=0.97682752742503
mse=1.5752619779922052

user=291
true_movies=[15, 80, 118, 144, 376, 418, 686, 1016, 1042, 1178]
pred_movies=[815, 669, 358, 300, 479, 678, 606, 603, 748, 149, 447, 268, 191, 194, 705, 436, 127, 313, 274, 665, 332, 444, 283, 298, 310, 269, 258, 305, 510, 328, 264, 276, 257, 886, 995, 201, 224, 145, 879, 644, 873, 340, 222, 667, 441, 885, 315, 252, 847, 478, 675, 895, 286, 604, 289, 280, 323, 14, 1203, 482, 682, 321, 635, 111, 319, 877]
recall=0.0
precision=0.0
fmeasure=nan
true_ratings=[5.0, 4.0, 2.0, 5.0, 3.0, 4.0, 5.0, 4.0, 4.0, 4.0]
pred_ratings=[3.881781442856782, 3.0042588350480837, 3.357792774077541, 3.989922300930451, 3.1112606567850163, 3.6297498896650833, 3.7999679171527587, 3.6058407108922683, 3.4570110117278885, 2.672238770994803]
mae=0.8428282551594439
mse=0.8908460930252093

