k=15

user=489
true_movies=[271, 289, 292, 310, 321, 342, 457, 881, 1238, 1293]
pred_movies=[427, 815, 631, 168, 329, 603, 100, 457, 198, 153, 211, 705, 435, 127, 246, 274, 406, 255, 421, 197, 242, 283, 38, 11, 121, 118, 186, 234, 275, 207, 271, 292, 9, 633, 357, 133, 174, 342, 285, 181, 644, 8, 744, 568, 676, 154, 707, 50, 690, 202, 514, 901, 520, 280, 137, 348, 625, 321, 483, 1296, 210, 237, 223, 15, 513, 111, 191]
recall=0.5
precision=0.07462686567164178
fmeasure=0.12987012987012986
true_ratings=[4.0, 2.0, 4.0, 4.0, 3.0, 3.0, 3.0, 2.0, 4.0, 5.0]
pred_ratings=[3.556299247496381, 3.2265270186507506, 3.902078214467724, 3.9469086816501844, 3.3239373879434657, 3.4109939001101193, 2.3025810616544904, 3.256012806577801, 3.2932902480561546, 4.90264998159735]
mae=0.5313663678359852
mse=0.456037471207984

user=438
true_movies=[9, 15, 50, 121, 181, 237, 269, 321, 476, 1028]
pred_movies=[524, 358, 316, 127, 420, 13, 421, 294, 228, 473, 1154, 234, 350, 275, 750, 357, 633, 187, 879, 261, 251, 689, 425, 751, 321, 304, 200, 877, 191, 268, 278, 515, 313, 332, 521, 121, 207, 161, 7, 708, 133, 248, 346, 644, 568, 1251, 243, 519, 343, 450, 151, 55, 895, 195, 249, 289, 202, 763, 333, 541, 513, 124, 25, 150, 936, 329, 748, 109, 602, 153, 423, 324, 406, 259, 283, 328, 655, 9, 230, 292, 455, 224, 405, 285, 476, 873, 288, 885, 315, 137, 14, 625, 237, 742, 223, 319, 631, 484, 274, 306, 310, 38, 269, 258, 276, 886, 664, 227, 181, 744, 222, 431, 676, 847, 530, 50, 1355, 1019, 273, 19, 323, 302, 806, 108, 682, 116, 483, 327, 15, 197, 287, 111]
recall=0.9
precision=0.06818181818181818
fmeasure=0.1267605633802817
true_ratings=[4.0, 4.0, 5.0, 5.0, 4.0, 5.0, 4.0, 5.0, 5.0, 2.0]
pred_ratings=[4.241399789341748, 4.092521870792007, 4.551489684291139, 3.8699804658603028, 4.311768299171804, 4.154916187928347, 4.316935775708032, 3.6511761338867688, 3.3676778889076493, 3.487162577877499]
mae=0.7854547952016884
mse=0.9152208042618222

user=310
true_movies=[14, 24, 116, 257, 258, 304, 536, 748, 832, 845]
pred_movies=[312, 358, 316, 678, 25, 329, 748, 100, 1294, 153, 1313, 406, 421, 471, 262, 259, 322, 283, 908, 305, 1176, 301, 118, 328, 234, 350, 919, 292, 9, 125, 349, 750, 633, 347, 893, 405, 285, 879, 881, 873, 476, 261, 288, 315, 752, 689, 137, 625, 751, 321, 237, 900, 742, 1, 223, 304, 338, 319, 877, 191, 300, 280, 631, 880, 149, 268, 313, 306, 332, 310, 38, 269, 258, 1024, 121, 354, 207, 295, 7, 276, 196, 245, 179, 133, 303, 346, 644, 340, 744, 568, 243, 676, 345, 307, 1355, 895, 890, 202, 289, 286, 331, 892, 19, 323, 272, 333, 302, 93, 538, 682, 116, 352, 327, 909, 335, 15, 197, 287, 124, 111]
recall=0.4
precision=0.03333333333333333
fmeasure=0.06153846153846154
true_ratings=[5.0, 4.0, 5.0, 5.0, 3.0, 5.0, 4.0, 3.0, 1.0, 5.0]
pred_ratings=[4.061264348662911, 3.6479970994385833, 3.992831591323603, 3.947374583199934, 4.0345136792649265, 3.7033146062315425, 3.5645798815151952, 3.487109698246952, 2.9432295129178456, 3.6415494827474575]
mae=0.9905941297310497
mse=1.1927545985029078

user=938
true_movies=[122, 125, 240, 313, 333, 477, 763, 864, 988, 1033]
pred_movies=[316, 1294, 13, 421, 262, 294, 301, 234, 350, 264, 831, 588, 633, 750, 347, 879, 261, 620, 689, 1233, 120, 975, 751, 321, 477, 1120, 304, 877, 91, 1175, 988, 268, 313, 332, 107, 169, 207, 101, 409, 133, 346, 568, 272, 412, 339, 924, 312, 329, 1060, 1093, 324, 1392, 1312, 322, 283, 71, 292, 1011, 285, 1322, 315, 539, 690, 937, 1025, 137, 95, 625, 368, 24, 206, 369, 271, 319, 880, 123, 306, 902, 827, 310, 38, 269, 687, 934, 1429, 886, 342, 744, 282, 307, 331, 348, 302, 682, 189, 834, 681, 197, 974]
recall=0.3
precision=0.030303030303030304
fmeasure=0.055045871559633024
true_ratings=[1.0, 3.0, 2.0, 5.0, 4.0, 1.0, 4.0, 4.0, 3.0, 2.0]
pred_ratings=[2.240295405280903, 3.3167070281648345, 2.6073299720037624, 4.0187286277029095, 3.3704642517806063, 2.930542841450077, 3.2112964376196036, 2.993401811527018, 2.133645729411013, 2.633011758621051]
mae=0.9000350147479477
mse=0.9880256987063023

user=402
true_movies=[7, 16, 111, 126, 127, 234, 255, 257, 480, 764]
pred_movies=[427, 358, 316, 606, 872, 705, 421, 262, 294, 301, 234, 350, 318, 633, 750, 879, 261, 689, 751, 321, 900, 304, 191, 280, 300, 877, 527, 988, 603, 268, 313, 332, 98, 121, 566, 207, 196, 179, 133, 346, 644, 325, 568, 740, 243, 531, 478, 202, 890, 604, 289, 272, 1203, 333, 482, 538, 878, 924, 329, 153, 22, 406, 283, 259, 328, 919, 292, 174, 1011, 285, 873, 288, 885, 315, 752, 882, 14, 625, 923, 742, 319, 631, 194, 274, 306, 310, 38, 269, 886, 303, 523, 215, 676, 1355, 331, 323, 302, 682, 327, 335, 197, 287, 111]
recall=0.2
precision=0.019417475728155338
fmeasure=0.035398230088495575
true_ratings=[4.0, 3.0, 4.0, 4.0, 5.0, 4.0, 4.0, 4.0, 5.0, 3.0]
pred_ratings=[4.122090042041632, 3.656374752922101, 3.795211210994967, 4.14486939545669, 4.566169201467801, 4.054030244111944, 3.711465953440884, 4.099412200754793, 4.528994206014895, 3.3473474406686194]
mae=0.2822283504037234
mse=0.11354191977045622

user=669
true_movies=[23, 169, 257, 326, 340, 462, 505, 521, 537, 898]
pred_movies=[524, 316, 100, 432, 199, 242, 294, 228, 305, 485, 1197, 275, 264, 318, 48, 995, 229, 8, 326, 689, 520, 1233, 425, 751, 210, 304, 200, 280, 877, 1175, 260, 185, 332, 204, 98, 169, 186, 566, 161, 708, 173, 89, 238, 644, 568, 519, 55, 202, 895, 604, 289, 333, 449, 265, 878, 513, 709, 684, 748, 602, 153, 423, 1392, 435, 221, 322, 283, 328, 655, 4, 9, 230, 292, 285, 873, 288, 885, 315, 720, 137, 136, 88, 28, 732, 237, 742, 319, 631, 149, 274, 306, 651, 38, 58, 1429, 295, 245, 886, 1475, 227, 340, 744, 73, 530, 286, 19, 1038, 682, 681, 327, 15]
recall=0.3
precision=0.02702702702702703
fmeasure=0.049586776859504134
true_ratings=[4.0, 3.0, 3.0, 1.0, 4.0, 5.0, 3.0, 4.0, 3.0, 1.0]
pred_ratings=[3.893640553046565, 4.166310464317561, 3.631212967038318, 3.211363438589162, 3.5455921279697993, 3.571281810300385, 3.7358334601585566, 3.641779586196157, 3.695963985313665, 3.0064220382685862]
mae=0.9794812276172943
mse=1.4087740688618902

user=592
true_movies=[20, 50, 79, 124, 204, 297, 323, 418, 433, 969]
pred_movies=[300, 316, 606, 880, 329, 1294, 872, 474, 515, 660, 214, 908, 310, 204, 926, 510, 212, 275, 566, 948, 879, 270, 311, 433, 1007, 990, 478, 690, 1527, 604, 86, 582, 323, 348, 1203, 538, 321, 891, 335, 304, 924]
recall=0.3
precision=0.07317073170731707
fmeasure=0.11764705882352941
true_ratings=[4.0, 5.0, 4.0, 5.0, 5.0, 5.0, 1.0, 4.0, 5.0, 4.0]
pred_ratings=[3.665902696370906, 4.560699603675317, 4.253805500082863, 4.256972658963345, 4.033617113234292, 4.051982781249077, 3.312118100023403, 3.757781857697051, 4.015175686725423, 3.9538922269574948]
mae=0.7269898975233359
mse=0.913030983045363

user=205
true_movies=[258, 269, 289, 304, 313, 316, 326, 333, 678, 984]
pred_movies=[427, 815, 358, 316, 164, 100, 938, 198, 705, 421, 471, 228, 305, 11, 301, 118, 234, 275, 264, 357, 995, 633, 887, 879, 299, 8, 154, 707, 326, 689, 751, 321, 210, 304, 877, 191, 280, 988, 603, 211, 246, 313, 332, 121, 207, 161, 178, 133, 89, 644, 325, 172, 568, 343, 450, 151, 202, 249, 895, 289, 333, 541, 124, 312, 25, 150, 329, 153, 423, 406, 283, 9, 230, 285, 873, 288, 885, 514, 137, 625, 237, 223, 742, 1, 319, 631, 168, 149, 274, 310, 38, 269, 258, 295, 276, 245, 886, 227, 181, 340, 744, 222, 433, 431, 676, 50, 1355, 331, 323, 302, 108, 682, 116, 327, 15, 197, 287, 111]
recall=0.8
precision=0.06779661016949153
fmeasure=0.125
true_ratings=[3.0, 3.0, 4.0, 3.0, 3.0, 4.0, 4.0, 4.0, 1.0, 1.0]
pred_ratings=[2.8967119460018678, 3.228129669930626, 2.3622650961794855, 2.7260557201119013, 3.4691367135787097, 3.4031712197831823, 2.5554315202559077, 2.7566441483672404, 2.0362946691047275, 2.11454841614081]
mae=0.8147829818055288
mse=0.9345063180595752

user=726
true_movies=[249, 257, 274, 310, 355, 819, 845, 1014, 1028, 1059]
pred_movies=[312, 358, 316, 678, 329, 748, 100, 938, 153, 435, 406, 421, 471, 259, 283, 305, 301, 118, 328, 234, 350, 275, 264, 9, 750, 995, 633, 285, 879, 873, 261, 288, 885, 252, 315, 326, 690, 689, 137, 625, 751, 841, 685, 210, 237, 742, 739, 304, 271, 200, 338, 319, 877, 191, 300, 280, 631, 168, 508, 149, 268, 194, 274, 313, 306, 56, 332, 310, 38, 269, 258, 98, 1105, 121, 207, 295, 7, 276, 257, 245, 886, 173, 133, 303, 346, 342, 644, 340, 744, 222, 568, 243, 676, 282, 343, 50, 151, 1355, 895, 202, 286, 289, 272, 333, 302, 538, 682, 116, 327, 15, 197, 287, 124, 111]
recall=0.3
precision=0.02631578947368421
fmeasure=0.04838709677419354
true_ratings=[1.0, 3.0, 4.0, 4.0, 3.0, 3.0, 3.0, 1.0, 2.0, 5.0]
pred_ratings=[2.8150681433610667, 3.2435389809546056, 3.012025250420212, 3.3214972120911206, 2.5489005158039912, 2.2830412461110114, 2.985705326903302, 2.6284096010110414, 2.602069410175636, 2.2991842475822275]
mae=0.9838732336590486
mse=1.5816579808237017

user=291
true_movies=[15, 80, 118, 144, 376, 418, 686, 1016, 1042, 1178]
pred_movies=[815, 669, 358, 316, 678, 606, 447, 705, 127, 444, 298, 228, 305, 118, 275, 264, 633, 995, 201, 145, 879, 441, 675, 689, 751, 321, 191, 280, 300, 877, 603, 268, 436, 313, 332, 207, 161, 257, 133, 644, 450, 478, 895, 604, 289, 1203, 333, 482, 541, 25, 329, 748, 406, 283, 510, 328, 230, 224, 873, 885, 315, 252, 690, 137, 14, 625, 635, 319, 479, 149, 194, 274, 665, 310, 269, 258, 295, 276, 886, 303, 227, 340, 744, 222, 667, 431, 676, 847, 286, 323, 302, 108, 682, 327, 15, 197, 111]
recall=0.2
precision=0.020618556701030927
fmeasure=0.037383177570093455
true_ratings=[5.0, 4.0, 2.0, 5.0, 3.0, 4.0, 5.0, 4.0, 4.0, 4.0]
pred_ratings=[3.8013818256871375, 3.0042588350480837, 3.3891662526386224, 3.989922300930451, 3.1112606567850163, 3.6297498896650833, 3.7999679171527587, 3.6058407108922683, 3.4570110117278885, 2.672238770994803]
mae=0.8540055647325164
mse=0.9180915376638582

