k=3

user=489
true_movies=[271, 289, 292, 310, 321, 342, 457, 881, 1238, 1293]
pred_movies=[8, 271, 1296, 211, 210, 690, 202, 342]
recall=0.2
precision=0.25
fmeasure=0.22222222222222224
true_ratings=[4.0, 2.0, 4.0, 4.0, 3.0, 3.0, 3.0, 2.0, 4.0, 5.0]
pred_ratings=[3.622278322852344, 3.2265270186507506, 3.844485454147097, 3.946908681650184, 3.3979703745625454, 3.4625205226502196, 2.27362409877746, 3.256012806577801, 3.2932902480561546, 4.90264998159735]
mae=0.5459793935360728
mse=0.46604571275654083

user=438
true_movies=[9, 15, 50, 121, 181, 237, 269, 321, 476, 1028]
pred_movies=[316, 329, 748, 313, 406, 421, 38, 258, 121, 234, 207, 287, 633, 133, 285, 879, 568, 243, 676, 1355, 289, 323, 625, 302, 333, 751, 116, 327, 237, 15, 742, 197, 304, 124, 319]
recall=0.3
precision=0.08571428571428572
fmeasure=0.13333333333333333
true_ratings=[4.0, 4.0, 5.0, 5.0, 4.0, 5.0, 4.0, 5.0, 5.0, 2.0]
pred_ratings=[4.261739692890037, 4.261196946503817, 4.7143641999486094, 3.930474353563235, 4.389156897375543, 4.207684393611874, 4.3088047675791525, 3.596916356117222, 3.3930602544558757, 3.487162577877499]
mae=0.7865561324529231
mse=0.899932351631486

user=310
true_movies=[14, 24, 116, 257, 258, 304, 536, 748, 832, 845]
pred_movies=[312, 631, 316, 100, 1294, 191, 153, 313, 322, 310, 269, 258, 292, 303, 347, 644, 340, 288, 315, 345, 307, 286, 202, 331, 289, 302, 751, 321, 237, 338, 111, 319, 280]
recall=0.1
precision=0.030303030303030304
fmeasure=0.04651162790697675
true_ratings=[5.0, 4.0, 5.0, 5.0, 3.0, 5.0, 4.0, 3.0, 1.0, 5.0]
pred_ratings=[4.061264348662911, 3.6479970994385833, 3.9760930865071313, 3.947374583199934, 4.419960818103183, 3.6659053201129974, 3.5645798815151952, 3.3658662896519447, 2.943229512917846, 3.6415494827474575]
mae=1.0224292818488763
mse=1.290261120972162

user=938
true_movies=[122, 125, 240, 313, 333, 477, 763, 864, 988, 1033]
pred_movies=[1093, 13, 421, 1312, 283, 38, 269, 234, 207, 633, 133, 1011, 285, 1322, 744, 568, 137, 120, 625, 197]
recall=0.0
precision=0.0
fmeasure=nan
true_ratings=[1.0, 3.0, 2.0, 5.0, 4.0, 1.0, 4.0, 4.0, 3.0, 2.0]
pred_ratings=[2.240295405280903, 3.3167070281648345, 2.6073299720037624, 4.023054237279947, 3.3704642517806063, 2.963232744153517, 3.2112964376196036, 2.993401811527018, 2.109426233919027, 2.6330117586210506]
mae=0.9052933936097866
mse=1.004162555997616

user=402
true_movies=[7, 16, 111, 126, 127, 234, 255, 257, 480, 764]
pred_movies=[427, 606, 603, 194, 705, 22, 283, 294, 98, 328, 566, 325, 215, 885, 478, 604, 289, 14, 1203, 482, 321, 742, 924, 319]
recall=0.0
precision=0.0
fmeasure=nan
true_ratings=[4.0, 3.0, 4.0, 4.0, 5.0, 4.0, 4.0, 4.0, 5.0, 3.0]
pred_ratings=[4.122090042041632, 3.656374752922101, 3.8130495010458385, 4.14486939545669, 4.566169201467801, 4.055522404368424, 3.711465953440884, 4.099412200754793, 4.528994206014895, 3.3473474406686194]
mae=0.28059373742428423
mse=0.11285947087696786

user=669
true_movies=[23, 169, 257, 326, 340, 462, 505, 521, 537, 898]
pred_movies=[524, 316, 748, 100, 602, 283, 294, 328, 655, 708, 519, 885, 530, 55, 286, 289, 333, 425, 751, 327, 742, 513, 200]
recall=0.0
precision=0.0
fmeasure=nan
true_ratings=[4.0, 3.0, 3.0, 1.0, 4.0, 5.0, 3.0, 4.0, 3.0, 1.0]
pred_ratings=[3.893640553046565, 4.2655904548885255, 3.631212967038318, 3.218518557537348, 3.4996535687938546, 3.571281810300385, 3.7358334601585566, 3.641779586196157, 3.695963985313665, 3.0064220382685862]
mae=0.9947185944868039
mse=1.4404736158613627

user=592
true_movies=[20, 50, 79, 124, 204, 297, 323, 418, 433, 969]
pred_movies=[300, 310, 1007, 311]
recall=0.0
precision=0.0
fmeasure=nan
true_ratings=[4.0, 5.0, 4.0, 5.0, 5.0, 5.0, 1.0, 4.0, 5.0, 4.0]
pred_ratings=[3.665902696370906, 4.560699603675317, 4.253805500082863, 4.256972658963345, 4.0565660195051425, 4.051982781249077, 3.25162747826402, 3.757781857697051, 3.9588496517338383, 3.9538922269574948]
mae=0.724278548219471
mse=0.8924532934268145

user=205
true_movies=[258, 269, 289, 304, 313, 316, 326, 333, 678, 984]
pred_movies=[631, 100, 153, 274, 406, 421, 332, 877, 310, 38, 121, 118, 234, 207, 886, 633, 133, 644, 873, 288, 568, 676, 202, 280, 323, 625, 682, 237, 197, 111, 191]
recall=0.0
precision=0.0
fmeasure=nan
true_ratings=[3.0, 3.0, 4.0, 3.0, 3.0, 4.0, 4.0, 4.0, 1.0, 1.0]
pred_ratings=[3.0025828940645454, 3.102283028448718, 2.218951261074993, 2.6886325928402703, 3.466931788300355, 3.463082719866011, 2.557407446426237, 2.8143418028010143, 2.036294669104727, 2.11454841614081]
mae=0.798022497305063
mse=0.958884167189845

user=726
true_movies=[249, 257, 274, 310, 355, 819, 845, 1014, 1028, 1059]
pred_movies=[358, 748, 100, 332, 283, 310, 269, 328, 245, 886, 303, 873, 222, 288, 885, 315, 151, 690, 689, 302, 682, 327, 742, 877]
recall=0.1
precision=0.041666666666666664
fmeasure=0.058823529411764705
true_ratings=[1.0, 3.0, 4.0, 4.0, 3.0, 3.0, 3.0, 1.0, 2.0, 5.0]
pred_ratings=[2.8150681433610667, 3.2915304273557786, 3.01492574136749, 3.5639503381521744, 2.5489005158039912, 2.2830412461110114, 2.985705326903302, 2.6284096010110414, 2.602069410175636, 2.299184247582227]
mae=0.9641370165983327
mse=1.556630902667748

user=291
true_movies=[15, 80, 118, 144, 376, 418, 686, 1016, 1042, 1178]
pred_movies=[300, 358, 669, 748, 268, 447, 436, 313, 665, 444, 283, 269, 328, 201, 145, 879, 222, 667, 441, 885, 675, 895, 286, 323, 321, 635]
recall=0.0
precision=0.0
fmeasure=nan
true_ratings=[5.0, 4.0, 2.0, 5.0, 3.0, 4.0, 5.0, 4.0, 4.0, 4.0]
pred_ratings=[3.881781442856782, 3.0042588350480837, 3.357792774077541, 3.989922300930451, 3.1112606567850163, 3.6297498896650833, 3.7999679171527587, 3.6058407108922683, 3.4570110117278885, 2.672238770994803]
mae=0.8428282551594439
mse=0.8908460930252093

