k=11

user=489
true_movies=[271, 289, 292, 310, 321, 342, 457, 881, 1238, 1293]
pred_movies=[427, 815, 631, 168, 329, 603, 100, 457, 198, 191, 153, 211, 705, 435, 127, 246, 274, 255, 242, 11, 186, 271, 292, 357, 174, 342, 181, 644, 8, 154, 707, 50, 690, 202, 514, 520, 348, 321, 483, 1296, 210, 237, 223, 513, 111, 280]
recall=0.5
precision=0.10869565217391304
fmeasure=0.17857142857142855
true_ratings=[4.0, 2.0, 4.0, 4.0, 3.0, 3.0, 3.0, 2.0, 4.0, 5.0]
pred_ratings=[3.5813157252091843, 3.2265270186507506, 3.922968856763818, 3.946908681650184, 3.3716241716835422, 3.3061826900025153, 2.313084631028099, 3.256012806577801, 3.293290248056155, 4.90264998159735]
mae=0.5200128562609818
mse=0.4478606493179235

user=438
true_movies=[9, 15, 50, 121, 181, 237, 269, 321, 476, 1028]
pred_movies=[524, 358, 316, 150, 936, 329, 748, 109, 602, 153, 324, 127, 420, 13, 406, 421, 259, 294, 283, 473, 1154, 234, 350, 275, 513, 328, 655, 750, 357, 633, 455, 187, 224, 285, 879, 261, 885, 251, 689, 137, 14, 425, 625, 751, 321, 237, 742, 304, 200, 319, 191, 631, 268, 278, 515, 484, 274, 313, 306, 332, 310, 38, 269, 258, 521, 121, 207, 7, 708, 133, 664, 248, 346, 181, 644, 222, 568, 1251, 243, 519, 676, 343, 847, 530, 50, 151, 1355, 55, 1019, 895, 195, 249, 289, 202, 273, 763, 19, 323, 333, 302, 806, 682, 116, 483, 327, 15, 197, 287, 124, 111]
recall=0.7
precision=0.06363636363636363
fmeasure=0.11666666666666667
true_ratings=[4.0, 4.0, 5.0, 5.0, 4.0, 5.0, 4.0, 5.0, 5.0, 2.0]
pred_ratings=[4.261739692890037, 4.190149263559691, 4.592497177181436, 3.8650940377178182, 4.324757043958316, 4.187436488835605, 4.351896805011975, 3.670891679586343, 3.3930602544558752, 3.487162577877499]
mae=0.7906725745520442
mse=0.9008729267990674

user=310
true_movies=[14, 24, 116, 257, 258, 304, 536, 748, 832, 845]
pred_movies=[312, 358, 316, 678, 25, 329, 748, 1294, 100, 153, 1313, 406, 421, 471, 259, 322, 908, 1176, 301, 118, 328, 234, 350, 292, 9, 349, 750, 633, 347, 893, 405, 285, 879, 881, 873, 476, 261, 288, 315, 689, 625, 751, 321, 237, 742, 1, 223, 304, 338, 319, 877, 191, 300, 280, 631, 880, 149, 268, 313, 306, 332, 310, 38, 269, 258, 121, 354, 207, 295, 276, 133, 303, 346, 644, 340, 568, 243, 676, 345, 307, 1355, 895, 202, 286, 289, 331, 892, 19, 323, 272, 333, 302, 682, 116, 352, 327, 15, 197, 287, 124, 111]
recall=0.4
precision=0.039603960396039604
fmeasure=0.07207207207207207
true_ratings=[5.0, 4.0, 5.0, 5.0, 3.0, 5.0, 4.0, 3.0, 1.0, 5.0]
pred_ratings=[4.061264348662911, 3.6479970994385833, 3.998910889794818, 3.947374583199934, 4.05436507290148, 3.716901376280794, 3.5645798815151952, 3.4128797647245217, 2.9432295129178456, 3.6415494827474575]
mae=0.9831896688904154
mse=1.1854947252303423

user=938
true_movies=[122, 125, 240, 313, 333, 477, 763, 864, 988, 1033]
pred_movies=[316, 1294, 13, 421, 294, 301, 234, 350, 264, 831, 633, 750, 347, 879, 261, 620, 689, 120, 975, 751, 321, 477, 1120, 304, 988, 268, 313, 332, 107, 207, 409, 133, 346, 568, 412, 339, 924, 312, 329, 1060, 1093, 1312, 322, 283, 292, 1011, 285, 1322, 315, 690, 937, 1025, 137, 625, 368, 24, 369, 271, 880, 123, 306, 827, 310, 38, 269, 687, 934, 342, 744, 282, 307, 331, 348, 682, 834, 197, 974]
recall=0.3
precision=0.03896103896103896
fmeasure=0.0689655172413793
true_ratings=[1.0, 3.0, 2.0, 5.0, 4.0, 1.0, 4.0, 4.0, 3.0, 2.0]
pred_ratings=[2.240295405280903, 3.3167070281648345, 2.607329972003762, 4.1275369784433, 3.3704642517806063, 2.918682662665239, 3.2112964376196036, 2.993401811527018, 2.1424327713676505, 2.6330117586210506]
mae=0.887089457599761
mse=0.9617754531751483

user=402
true_movies=[7, 16, 111, 126, 127, 234, 255, 257, 480, 764]
pred_movies=[427, 358, 316, 606, 872, 705, 421, 294, 301, 234, 350, 633, 750, 879, 261, 689, 751, 321, 304, 191, 280, 300, 877, 988, 603, 268, 313, 332, 98, 121, 566, 207, 133, 346, 644, 325, 568, 740, 243, 478, 202, 604, 289, 1203, 333, 482, 924, 329, 153, 22, 406, 283, 259, 328, 1011, 285, 873, 288, 885, 315, 14, 625, 742, 319, 631, 194, 274, 306, 310, 38, 886, 303, 215, 676, 1355, 331, 323, 302, 682, 327, 197, 287, 111]
recall=0.2
precision=0.024096385542168676
fmeasure=0.043010752688172046
true_ratings=[4.0, 3.0, 4.0, 4.0, 5.0, 4.0, 4.0, 4.0, 5.0, 3.0]
pred_ratings=[4.122090042041632, 3.656374752922101, 3.7887331303156286, 4.14486939545669, 4.566169201467801, 4.053488357277476, 3.711465953440884, 4.099412200754793, 4.528994206014895, 3.3473474406686194]
mae=0.2828219697882104
mse=0.1138056176914094

user=669
true_movies=[23, 169, 257, 326, 340, 462, 505, 521, 537, 898]
pred_movies=[524, 316, 100, 432, 199, 242, 294, 228, 305, 485, 1197, 264, 318, 995, 229, 8, 326, 520, 425, 751, 210, 304, 200, 877, 185, 332, 204, 186, 566, 161, 708, 89, 238, 568, 519, 55, 202, 895, 604, 289, 333, 449, 265, 878, 513, 709, 684, 748, 602, 435, 221, 322, 283, 328, 655, 4, 9, 230, 292, 873, 288, 885, 315, 720, 136, 88, 28, 732, 742, 319, 149, 38, 58, 295, 245, 886, 1475, 227, 340, 73, 530, 286, 19, 1038, 682, 327, 15]
recall=0.2
precision=0.022988505747126436
fmeasure=0.041237113402061855
true_ratings=[4.0, 3.0, 3.0, 1.0, 4.0, 5.0, 3.0, 4.0, 3.0, 1.0]
pred_ratings=[3.8936405530465645, 4.265590454888525, 3.631212967038318, 3.2087659614661153, 3.5622689096402844, 3.571281810300385, 3.7358334601585566, 3.641779586196157, 3.695963985313665, 3.0064220382685862]
mae=0.9874818007950374
mse=1.430282059725414

user=592
true_movies=[20, 50, 79, 124, 204, 297, 323, 418, 433, 969]
pred_movies=[300, 316, 606, 880, 1294, 872, 474, 515, 660, 214, 908, 310, 204, 510, 212, 275, 566, 948, 270, 311, 433, 1007, 478, 690, 1527, 604, 86, 582, 1203, 321, 891, 924]
recall=0.2
precision=0.0625
fmeasure=0.09523809523809523
true_ratings=[4.0, 5.0, 4.0, 5.0, 5.0, 5.0, 1.0, 4.0, 5.0, 4.0]
pred_ratings=[3.665902696370906, 4.560699603675317, 4.253805500082863, 4.256972658963345, 4.025287961107274, 4.051982781249077, 3.2516274782640204, 3.757781857697051, 4.03561884460927, 3.9538922269574948]
mae=0.7197294347717147
mse=0.8830565782656199

user=205
true_movies=[258, 269, 289, 304, 313, 316, 326, 333, 678, 984]
pred_movies=[312, 358, 316, 150, 329, 164, 100, 938, 153, 406, 421, 471, 283, 118, 234, 275, 9, 633, 285, 879, 299, 873, 288, 885, 326, 689, 137, 625, 751, 237, 742, 1, 304, 319, 877, 191, 280, 631, 168, 988, 149, 274, 313, 332, 310, 38, 269, 258, 121, 207, 295, 276, 245, 886, 178, 133, 89, 644, 744, 222, 340, 172, 568, 433, 676, 343, 50, 151, 1355, 895, 202, 289, 331, 323, 333, 302, 682, 116, 327, 15, 197, 287, 124, 111]
recall=0.8
precision=0.09523809523809523
fmeasure=0.1702127659574468
true_ratings=[3.0, 3.0, 4.0, 3.0, 3.0, 4.0, 4.0, 4.0, 1.0, 1.0]
pred_ratings=[2.956894154263426, 3.1998746935647873, 2.350956579777789, 2.7396546994613082, 3.4699379489514164, 3.3814003173541924, 2.554713499578715, 2.7356777228342013, 2.036294669104727, 2.11454841614081]
mae=0.810135875449211
mse=0.943592782956377

user=726
true_movies=[249, 257, 274, 310, 355, 819, 845, 1014, 1028, 1059]
pred_movies=[312, 358, 316, 678, 329, 748, 100, 938, 153, 435, 406, 421, 283, 305, 118, 328, 234, 264, 633, 995, 879, 873, 288, 885, 252, 315, 326, 690, 689, 625, 751, 841, 685, 210, 237, 742, 739, 271, 200, 338, 319, 877, 191, 300, 280, 631, 168, 508, 268, 194, 274, 313, 56, 332, 310, 38, 269, 258, 98, 1105, 121, 207, 7, 257, 245, 886, 173, 133, 303, 342, 644, 340, 222, 568, 676, 282, 343, 50, 151, 895, 202, 286, 289, 272, 333, 302, 538, 682, 327, 197, 111]
recall=0.3
precision=0.03296703296703297
fmeasure=0.0594059405940594
true_ratings=[1.0, 3.0, 4.0, 4.0, 3.0, 3.0, 3.0, 1.0, 2.0, 5.0]
pred_ratings=[2.8150681433610667, 3.2261089631385387, 3.010971820847288, 3.3435558225641877, 2.5489005158039912, 2.2830412461110114, 2.985705326903302, 2.6284096010110414, 2.602069410175636, 2.2991842475822275]
mae=0.9800297137874274
mse=1.578102939444434

user=291
true_movies=[15, 80, 118, 144, 376, 418, 686, 1016, 1042, 1178]
pred_movies=[815, 669, 358, 300, 316, 678, 606, 479, 329, 603, 748, 149, 447, 268, 191, 194, 705, 436, 127, 313, 274, 665, 332, 444, 283, 298, 310, 269, 258, 305, 510, 328, 295, 264, 276, 257, 886, 995, 201, 224, 145, 879, 644, 873, 340, 222, 667, 441, 885, 315, 252, 847, 478, 675, 895, 286, 604, 289, 280, 323, 14, 1203, 333, 302, 751, 482, 682, 321, 635, 327, 111, 319, 877]
recall=0.0
precision=0.0
fmeasure=nan
true_ratings=[5.0, 4.0, 2.0, 5.0, 3.0, 4.0, 5.0, 4.0, 4.0, 4.0]
pred_ratings=[3.881781442856782, 3.0042588350480837, 3.357792774077541, 3.989922300930451, 3.1112606567850163, 3.6297498896650833, 3.7999679171527587, 3.6058407108922683, 3.4570110117278885, 2.672238770994803]
mae=0.8428282551594439
mse=0.8908460930252093

