k=7

user=489
true_movies=[271, 289, 292, 310, 321, 342, 457, 881, 1238, 1293]
pred_movies=[168, 329, 100, 457, 153, 211, 435, 127, 255, 186, 271, 292, 174, 342, 8, 690, 202, 520, 348, 483, 1296, 210, 513]
recall=0.4
precision=0.17391304347826086
fmeasure=0.24242424242424243
true_ratings=[4.0, 2.0, 4.0, 4.0, 3.0, 3.0, 3.0, 2.0, 4.0, 5.0]
pred_ratings=[3.6348485861051083, 3.226527018650751, 3.9676728259197542, 3.946908681650184, 3.3979703745625454, 3.3397106128485294, 2.3355612612173413, 3.256012806577801, 3.293290248056155, 4.90264998159735]
mae=0.5139289228093734
mse=0.4443314243787313

user=438
true_movies=[9, 15, 50, 121, 181, 237, 269, 321, 476, 1028]
pred_movies=[524, 316, 127, 420, 13, 421, 294, 473, 234, 275, 633, 357, 187, 879, 425, 751, 304, 200, 278, 515, 313, 121, 207, 7, 708, 133, 248, 568, 1251, 243, 519, 343, 151, 55, 895, 195, 249, 289, 763, 333, 513, 124, 150, 936, 329, 748, 109, 602, 406, 283, 328, 655, 455, 224, 285, 885, 137, 14, 625, 237, 742, 319, 274, 310, 38, 269, 258, 181, 222, 676, 847, 530, 1355, 273, 19, 323, 302, 116, 483, 327, 15, 197, 287, 111]
recall=0.5
precision=0.05952380952380952
fmeasure=0.10638297872340424
true_ratings=[4.0, 4.0, 5.0, 5.0, 4.0, 5.0, 4.0, 5.0, 5.0, 2.0]
pred_ratings=[4.261739692890037, 4.2053777247009245, 4.7143641999486094, 3.8791077473561257, 4.287986722731461, 4.136572545517428, 4.361903952716367, 3.596916356117222, 3.3930602544558752, 3.487162577877499]
mae=0.7884149567521028
mse=0.9170644312141187

user=310
true_movies=[14, 24, 116, 257, 258, 304, 536, 748, 832, 845]
pred_movies=[312, 316, 678, 25, 748, 1294, 100, 153, 1313, 406, 421, 322, 259, 908, 1176, 118, 328, 234, 292, 349, 750, 633, 347, 893, 405, 476, 288, 315, 625, 751, 321, 237, 223, 1, 338, 319, 191, 877, 300, 280, 631, 880, 149, 313, 332, 310, 38, 269, 258, 121, 354, 207, 295, 276, 133, 303, 644, 340, 568, 676, 345, 307, 895, 202, 286, 289, 331, 892, 323, 272, 302, 352, 15, 197, 111]
recall=0.2
precision=0.02666666666666667
fmeasure=0.047058823529411764
true_ratings=[5.0, 4.0, 5.0, 5.0, 3.0, 5.0, 4.0, 3.0, 1.0, 5.0]
pred_ratings=[4.061264348662911, 3.6479970994385833, 3.9760930865071313, 3.947374583199934, 4.168603838704179, 3.6659053201129974, 3.5645798815151952, 3.4174410788381033, 2.9432295129178456, 3.6415494827474575]
mae=1.0024510628275918
mse=1.2292356329005338

user=938
true_movies=[122, 125, 240, 313, 333, 477, 763, 864, 988, 1033]
pred_movies=[880, 988, 329, 1060, 123, 1093, 197, 313, 306, 13, 421, 332, 107, 1312, 283, 294, 322, 827, 38, 269, 301, 234, 207, 934, 409, 831, 633, 133, 1011, 285, 879, 1322, 744, 568, 690, 937, 137, 120, 348, 975, 625, 368, 682, 321, 834, 412, 339, 477, 1120, 369, 304, 271, 924, 974]
recall=0.3
precision=0.05555555555555555
fmeasure=0.09375000000000001
true_ratings=[1.0, 3.0, 2.0, 5.0, 4.0, 1.0, 4.0, 4.0, 3.0, 2.0]
pred_ratings=[2.240295405280903, 3.3167070281648345, 2.607329972003762, 4.187096996516728, 3.3704642517806063, 2.893287045847854, 3.2112964376196036, 2.993401811527018, 2.1612480316210907, 2.6330117586210506]
mae=0.8767123680853357
mse=0.9388650091638209

user=402
true_movies=[7, 16, 111, 126, 127, 234, 255, 257, 480, 764]
pred_movies=[427, 631, 606, 988, 603, 872, 268, 191, 194, 153, 705, 274, 22, 406, 421, 283, 294, 38, 98, 121, 328, 234, 566, 207, 633, 303, 133, 1011, 644, 873, 325, 288, 568, 740, 215, 676, 885, 478, 1355, 202, 604, 331, 289, 14, 302, 1203, 625, 482, 321, 742, 197, 304, 924, 111, 319, 280]
recall=0.2
precision=0.03571428571428571
fmeasure=0.06060606060606061
true_ratings=[4.0, 3.0, 4.0, 4.0, 5.0, 4.0, 4.0, 4.0, 5.0, 3.0]
pred_ratings=[4.122090042041632, 3.656374752922101, 3.774863516477431, 4.14486939545669, 4.566169201467801, 4.052328173959284, 3.711465953440884, 4.099412200754793, 4.528994206014895, 3.3473474406686194]
mae=0.28409291284021093
mse=0.1143986156326439

user=669
true_movies=[23, 169, 257, 326, 340, 462, 505, 521, 537, 898]
pred_movies=[524, 316, 748, 100, 432, 149, 602, 185, 221, 199, 322, 242, 283, 294, 204, 328, 655, 295, 708, 292, 318, 245, 288, 519, 885, 530, 55, 286, 895, 604, 289, 520, 19, 333, 136, 425, 751, 327, 878, 15, 742, 513, 200, 684]
recall=0.0
precision=0.0
fmeasure=nan
true_ratings=[4.0, 3.0, 3.0, 1.0, 4.0, 5.0, 3.0, 4.0, 3.0, 1.0]
pred_ratings=[3.893640553046565, 4.265590454888525, 3.631212967038318, 3.218518557537348, 3.4996535687938546, 3.571281810300385, 3.7358334601585566, 3.6417795861961566, 3.695963985313665, 3.0064220382685862]
mae=0.9947185944868038
mse=1.4404736158613622

user=592
true_movies=[20, 50, 79, 124, 204, 297, 323, 418, 433, 969]
pred_movies=[300, 310, 1203, 606, 510, 270, 433, 311, 566, 275, 321, 1007, 478, 690, 924, 604]
recall=0.1
precision=0.0625
fmeasure=0.07692307692307693
true_ratings=[4.0, 5.0, 4.0, 5.0, 5.0, 5.0, 1.0, 4.0, 5.0, 4.0]
pred_ratings=[3.665902696370906, 4.560699603675317, 4.253805500082863, 4.256972658963345, 4.0565660195051425, 4.051982781249077, 3.25162747826402, 3.757781857697051, 4.079381967774116, 3.9538922269574948]
mae=0.7122253166154433
mse=0.8688076447832854

user=205
true_movies=[258, 269, 289, 304, 313, 316, 326, 333, 678, 984]
pred_movies=[312, 358, 316, 329, 100, 938, 153, 406, 421, 471, 118, 234, 633, 285, 879, 299, 873, 288, 326, 689, 625, 751, 237, 742, 304, 319, 191, 280, 631, 877, 274, 313, 332, 310, 38, 269, 258, 121, 207, 245, 886, 133, 644, 340, 568, 676, 343, 1355, 202, 331, 289, 323, 302, 333, 682, 116, 327, 15, 197, 287, 124, 111]
recall=0.8
precision=0.12903225806451613
fmeasure=0.2222222222222222
true_ratings=[3.0, 3.0, 4.0, 3.0, 3.0, 4.0, 4.0, 4.0, 1.0, 1.0]
pred_ratings=[2.930799506174733, 3.3059134320129453, 2.450471384829332, 2.7687954444854714, 3.471654886311234, 3.334748263525108, 2.5531748798824454, 2.6907495525040472, 2.036294669104727, 2.11454841614081]
mae=0.819967237216858
mse=0.9341448892227515

user=726
true_movies=[249, 257, 274, 310, 355, 819, 845, 1014, 1028, 1059]
pred_movies=[358, 748, 100, 153, 406, 421, 283, 305, 328, 118, 234, 264, 633, 995, 873, 288, 885, 315, 690, 689, 625, 237, 742, 338, 319, 191, 280, 300, 631, 877, 268, 274, 313, 332, 310, 38, 269, 258, 121, 207, 7, 245, 886, 303, 133, 342, 644, 340, 222, 568, 676, 282, 151, 202, 289, 302, 538, 682, 327, 197, 111]
recall=0.2
precision=0.03278688524590164
fmeasure=0.056338028169014086
true_ratings=[1.0, 3.0, 4.0, 4.0, 3.0, 3.0, 3.0, 1.0, 2.0, 5.0]
pred_ratings=[2.8150681433610667, 3.2915304273557786, 3.0087151982116467, 3.3908090618729703, 2.5489005158039912, 2.2830412461110114, 2.985705326903302, 2.628409601011042, 2.602069410175636, 2.2991842475822275]
mae=0.9820721985418374
mse=1.5759557581412154

user=291
true_movies=[15, 80, 118, 144, 376, 418, 686, 1016, 1042, 1178]
pred_movies=[815, 669, 358, 300, 479, 678, 606, 603, 748, 447, 268, 194, 705, 436, 127, 313, 665, 332, 444, 283, 298, 310, 269, 258, 305, 510, 328, 264, 257, 886, 995, 201, 145, 879, 873, 340, 222, 667, 441, 885, 315, 252, 478, 675, 895, 286, 604, 289, 323, 1203, 482, 682, 321, 635, 319, 877]
recall=0.0
precision=0.0
fmeasure=nan
true_ratings=[5.0, 4.0, 2.0, 5.0, 3.0, 4.0, 5.0, 4.0, 4.0, 4.0]
pred_ratings=[3.881781442856782, 3.0042588350480837, 3.357792774077541, 3.989922300930451, 3.1112606567850163, 3.6297498896650833, 3.7999679171527587, 3.6058407108922683, 3.4570110117278885, 2.672238770994803]
mae=0.8428282551594439
mse=0.8908460930252093

