k=12

user=489
true_movies=[271, 289, 292, 310, 321, 342, 457, 881, 1238, 1293]
pred_movies=[427, 815, 631, 168, 329, 603, 100, 457, 198, 153, 211, 705, 435, 127, 246, 274, 406, 255, 421, 242, 38, 11, 121, 118, 186, 234, 207, 271, 292, 633, 357, 133, 174, 342, 181, 644, 8, 568, 676, 154, 707, 50, 690, 202, 514, 520, 280, 348, 625, 321, 483, 1296, 210, 237, 223, 197, 513, 111, 191]
recall=0.5
precision=0.0847457627118644
fmeasure=0.14492753623188406
true_ratings=[4.0, 2.0, 4.0, 4.0, 3.0, 3.0, 3.0, 2.0, 4.0, 5.0]
pred_ratings=[3.5734996429634887, 3.226527018650751, 3.916441839642294, 3.946908681650184, 3.3738152351637813, 3.3012874350487165, 2.3098029235455355, 3.256012806577801, 3.2932902480561546, 4.90264998159735]
mae=0.5215049177986043
mse=0.4489439559047108

user=438
true_movies=[9, 15, 50, 121, 181, 237, 269, 321, 476, 1028]
pred_movies=[524, 358, 316, 150, 936, 329, 748, 109, 602, 153, 324, 127, 420, 13, 406, 421, 259, 294, 283, 473, 1154, 234, 350, 275, 513, 328, 655, 9, 750, 357, 633, 455, 187, 224, 285, 879, 261, 885, 251, 689, 137, 14, 425, 625, 751, 321, 237, 742, 304, 200, 319, 191, 631, 268, 278, 515, 484, 274, 313, 306, 332, 310, 38, 269, 258, 521, 121, 207, 7, 708, 133, 664, 248, 346, 181, 644, 744, 222, 568, 1251, 243, 519, 676, 343, 847, 530, 50, 151, 1355, 55, 1019, 895, 195, 249, 289, 202, 273, 763, 19, 323, 333, 302, 806, 682, 116, 483, 327, 15, 197, 287, 124, 111]
recall=0.8
precision=0.07142857142857142
fmeasure=0.13114754098360656
true_ratings=[4.0, 4.0, 5.0, 5.0, 4.0, 5.0, 4.0, 5.0, 5.0, 2.0]
pred_ratings=[4.236318798804945, 4.087403293826629, 4.602647198305914, 3.8630498474588846, 4.330120758093246, 4.17875434810787, 4.318966934570679, 3.6647304468028348, 3.3930602544558757, 3.4871625778774993]
mae=0.7757730268041618
mse=0.8976047508386987

user=310
true_movies=[14, 24, 116, 257, 258, 304, 536, 748, 832, 845]
pred_movies=[312, 358, 316, 678, 25, 329, 748, 1294, 100, 153, 1313, 406, 421, 471, 259, 322, 908, 1176, 301, 118, 328, 234, 350, 919, 292, 9, 349, 750, 633, 347, 893, 405, 285, 879, 881, 873, 476, 261, 288, 315, 752, 689, 625, 751, 321, 237, 900, 742, 1, 223, 304, 338, 319, 877, 191, 300, 280, 631, 880, 149, 268, 313, 306, 332, 310, 38, 269, 258, 121, 354, 207, 295, 276, 196, 179, 133, 303, 346, 644, 340, 568, 243, 676, 345, 307, 1355, 895, 890, 202, 289, 286, 331, 892, 19, 323, 272, 333, 302, 682, 116, 352, 327, 335, 15, 197, 287, 124, 111]
recall=0.4
precision=0.037037037037037035
fmeasure=0.06779661016949153
true_ratings=[5.0, 4.0, 5.0, 5.0, 3.0, 5.0, 4.0, 3.0, 1.0, 5.0]
pred_ratings=[4.061264348662911, 3.6479970994385833, 3.9970112747511606, 3.947374583199934, 4.048162053561647, 3.712655881031222, 3.5645798815151952, 3.408965825096921, 2.9432295129178456, 3.6415494827474575]
mae=0.9827924840229949
mse=1.1853408360711946

user=938
true_movies=[122, 125, 240, 313, 333, 477, 763, 864, 988, 1033]
pred_movies=[316, 1294, 13, 421, 294, 301, 234, 350, 264, 831, 588, 633, 750, 347, 879, 261, 620, 689, 120, 975, 751, 321, 477, 1120, 304, 91, 988, 268, 313, 332, 107, 169, 207, 101, 409, 133, 346, 568, 412, 339, 924, 312, 329, 1060, 1093, 1312, 322, 283, 71, 292, 1011, 285, 1322, 315, 539, 690, 937, 1025, 137, 95, 625, 368, 24, 206, 369, 271, 880, 123, 306, 902, 827, 310, 38, 269, 687, 934, 342, 744, 282, 307, 331, 348, 682, 189, 834, 197, 974]
recall=0.3
precision=0.034482758620689655
fmeasure=0.06185567010309278
true_ratings=[1.0, 3.0, 2.0, 5.0, 4.0, 1.0, 4.0, 4.0, 3.0, 2.0]
pred_ratings=[2.240295405280903, 3.3167070281648345, 2.607329972003762, 4.118845455392284, 3.3704642517806063, 2.9223886150155383, 3.2112964376196036, 2.993401811527018, 2.1396870826742385, 2.6330117586210506]
mae=0.8886037740092337
mse=0.9651947730473047

user=402
true_movies=[7, 16, 111, 126, 127, 234, 255, 257, 480, 764]
pred_movies=[427, 358, 316, 606, 872, 705, 421, 294, 301, 234, 350, 633, 750, 879, 261, 689, 751, 321, 900, 304, 191, 280, 300, 877, 988, 603, 268, 313, 332, 98, 121, 566, 207, 196, 179, 133, 346, 644, 325, 568, 740, 243, 478, 202, 890, 604, 289, 1203, 333, 482, 924, 329, 153, 22, 406, 283, 259, 328, 919, 1011, 285, 873, 288, 885, 315, 752, 14, 625, 742, 319, 631, 194, 274, 306, 310, 38, 886, 303, 215, 676, 1355, 331, 323, 302, 682, 327, 335, 197, 287, 111]
recall=0.2
precision=0.022222222222222223
fmeasure=0.039999999999999994
true_ratings=[4.0, 3.0, 4.0, 4.0, 5.0, 4.0, 4.0, 4.0, 5.0, 3.0]
pred_ratings=[4.122090042041632, 3.656374752922101, 3.790757181078096, 4.14486939545669, 4.566169201467801, 4.053657667682018, 3.711465953440884, 4.099412200754793, 4.528994206014895, 3.3473474406686194]
mae=0.28263649575241795
mse=0.11372231848950767

user=669
true_movies=[23, 169, 257, 326, 340, 462, 505, 521, 537, 898]
pred_movies=[524, 316, 100, 432, 199, 242, 294, 228, 305, 485, 1197, 264, 318, 995, 229, 8, 326, 689, 520, 1233, 425, 751, 210, 304, 200, 877, 1175, 260, 185, 332, 204, 186, 566, 161, 708, 89, 238, 568, 519, 55, 202, 895, 604, 289, 333, 449, 265, 878, 513, 709, 684, 748, 602, 1392, 435, 221, 322, 283, 328, 655, 4, 9, 230, 292, 873, 288, 885, 315, 720, 136, 88, 28, 732, 742, 319, 149, 306, 38, 58, 1429, 295, 245, 886, 1475, 227, 340, 73, 530, 286, 19, 1038, 682, 681, 327, 15]
recall=0.2
precision=0.021052631578947368
fmeasure=0.03809523809523809
true_ratings=[4.0, 3.0, 3.0, 1.0, 4.0, 5.0, 3.0, 4.0, 3.0, 1.0]
pred_ratings=[3.893640553046565, 4.2655904548885255, 3.631212967038318, 3.2095776156304785, 3.5570577841327973, 3.571281810300385, 3.7358334601585566, 3.641779586196157, 3.695963985313665, 3.0064220382685862]
mae=0.9880840787622226
mse=1.4310996063347923

user=592
true_movies=[20, 50, 79, 124, 204, 297, 323, 418, 433, 969]
pred_movies=[300, 316, 606, 880, 329, 1294, 872, 474, 515, 660, 214, 908, 310, 204, 510, 212, 275, 566, 948, 879, 270, 311, 433, 1007, 478, 690, 1527, 604, 86, 582, 323, 348, 1203, 321, 891, 924]
recall=0.3
precision=0.08333333333333333
fmeasure=0.13043478260869565
true_ratings=[4.0, 5.0, 4.0, 5.0, 5.0, 5.0, 1.0, 4.0, 5.0, 4.0]
pred_ratings=[3.665902696370906, 4.560699603675317, 4.253805500082863, 4.256972658963345, 4.02789058746679, 4.051982781249077, 3.327212549410616, 3.757781857697051, 4.029230931317632, 3.9538922269574948]
mae=0.7276664705795864
mse=0.9183952454927787

user=205
true_movies=[258, 269, 289, 304, 313, 316, 326, 333, 678, 984]
pred_movies=[312, 358, 316, 25, 150, 329, 164, 100, 938, 153, 423, 406, 421, 471, 283, 228, 118, 234, 275, 9, 230, 633, 285, 879, 299, 873, 288, 885, 326, 689, 137, 625, 751, 237, 742, 1, 304, 319, 877, 191, 280, 631, 168, 988, 149, 274, 313, 332, 310, 38, 269, 258, 121, 207, 161, 295, 276, 245, 886, 178, 133, 227, 89, 181, 644, 744, 222, 340, 172, 568, 433, 431, 343, 676, 450, 151, 50, 1355, 895, 249, 202, 289, 331, 323, 333, 302, 108, 682, 116, 327, 541, 15, 197, 287, 124, 111]
recall=0.8
precision=0.08333333333333333
fmeasure=0.1509433962264151
true_ratings=[3.0, 3.0, 4.0, 3.0, 3.0, 4.0, 4.0, 4.0, 1.0, 1.0]
pred_ratings=[2.960699356109593, 3.1917467393711134, 2.3399624730324895, 2.735405306390831, 3.4696875798646545, 3.388203263335856, 2.5549378658353086, 2.7422292868217335, 2.0362946691047275, 2.11454841614081]
mae=0.8090839852955494
mse=0.9445264516830647

user=726
true_movies=[249, 257, 274, 310, 355, 819, 845, 1014, 1028, 1059]
pred_movies=[312, 358, 316, 678, 329, 748, 100, 938, 153, 435, 406, 421, 471, 283, 305, 118, 328, 234, 264, 633, 995, 285, 879, 873, 288, 885, 252, 315, 326, 690, 689, 625, 751, 841, 685, 210, 237, 742, 739, 304, 271, 200, 338, 319, 877, 191, 300, 280, 631, 168, 508, 268, 194, 274, 313, 56, 332, 310, 38, 269, 258, 98, 1105, 121, 207, 7, 257, 245, 886, 173, 133, 303, 342, 644, 340, 222, 568, 243, 676, 282, 343, 50, 151, 1355, 895, 202, 286, 289, 272, 333, 302, 538, 682, 116, 327, 15, 197, 287, 124, 111]
recall=0.3
precision=0.03
fmeasure=0.05454545454545455
true_ratings=[1.0, 3.0, 4.0, 4.0, 3.0, 3.0, 3.0, 1.0, 2.0, 5.0]
pred_ratings=[2.8150681433610667, 3.2315553818815155, 3.01130098967723, 3.336663091254769, 2.5489005158039912, 2.2830412461110114, 2.985705326903302, 2.6284096010110414, 2.602069410175636, 2.2991842475822275]
mae=0.9812307119096729
mse=1.5791967916380443

user=291
true_movies=[15, 80, 118, 144, 376, 418, 686, 1016, 1042, 1178]
pred_movies=[815, 669, 358, 316, 678, 606, 447, 705, 127, 444, 298, 305, 118, 264, 633, 995, 201, 145, 879, 441, 675, 751, 321, 191, 280, 300, 877, 603, 268, 436, 313, 332, 207, 257, 133, 644, 478, 895, 604, 289, 1203, 333, 482, 329, 748, 406, 283, 510, 328, 224, 873, 885, 315, 252, 14, 625, 635, 319, 479, 149, 194, 274, 665, 310, 269, 258, 295, 276, 886, 340, 222, 667, 676, 847, 286, 323, 302, 682, 327, 197, 111]
recall=0.1
precision=0.012345679012345678
fmeasure=0.021978021978021976
true_ratings=[5.0, 4.0, 2.0, 5.0, 3.0, 4.0, 5.0, 4.0, 4.0, 4.0]
pred_ratings=[3.881781442856782, 3.0042588350480837, 3.3970021011256497, 3.989922300930451, 3.1112606567850163, 3.6297498896650833, 3.7999679171527587, 3.6058407108922683, 3.4570110117278885, 2.672238770994803]
mae=0.8467491878642548
mse=0.9016474583464389

