k=14

user=489
true_movies=[271, 289, 292, 310, 321, 342, 457, 881, 1238, 1293]
pred_movies=[427, 815, 631, 168, 329, 603, 100, 457, 198, 153, 211, 705, 435, 127, 246, 274, 406, 255, 421, 197, 242, 283, 38, 11, 121, 118, 186, 234, 275, 207, 271, 292, 9, 633, 357, 133, 174, 342, 285, 181, 644, 8, 744, 568, 676, 154, 707, 50, 690, 202, 514, 520, 280, 137, 348, 625, 321, 483, 1296, 210, 237, 223, 15, 513, 111, 191]
recall=0.5
precision=0.07575757575757576
fmeasure=0.13157894736842105
true_ratings=[4.0, 2.0, 4.0, 4.0, 3.0, 3.0, 3.0, 2.0, 4.0, 5.0]
pred_ratings=[3.561214439613054, 3.2265270186507506, 3.9061827699333183, 3.946908681650184, 3.3772591165819006, 3.422658693422008, 2.30464478389288, 3.256012806577801, 3.2932902480561546, 4.90264998159735]
mae=0.5367566730489519
mse=0.45994892148255995

user=438
true_movies=[9, 15, 50, 121, 181, 237, 269, 321, 476, 1028]
pred_movies=[524, 358, 316, 127, 420, 13, 421, 294, 228, 473, 1154, 234, 350, 275, 750, 357, 633, 187, 879, 261, 251, 689, 425, 751, 321, 304, 200, 191, 268, 278, 515, 313, 332, 521, 121, 207, 161, 7, 708, 133, 248, 346, 644, 568, 1251, 243, 519, 343, 450, 151, 55, 895, 195, 249, 289, 202, 763, 333, 541, 513, 124, 25, 150, 936, 329, 748, 109, 602, 153, 423, 324, 406, 259, 283, 328, 655, 9, 230, 292, 455, 224, 405, 285, 476, 885, 137, 14, 625, 237, 742, 223, 319, 631, 484, 274, 306, 310, 38, 269, 258, 276, 664, 227, 181, 744, 222, 431, 676, 847, 530, 50, 1355, 1019, 273, 19, 323, 302, 806, 108, 682, 116, 483, 327, 15, 197, 287, 111]
recall=0.9
precision=0.07086614173228346
fmeasure=0.13138686131386862
true_ratings=[4.0, 4.0, 5.0, 5.0, 4.0, 5.0, 4.0, 5.0, 5.0, 2.0]
pred_ratings=[4.239947975382527, 4.087457190468925, 4.539864088581135, 3.8720811206013592, 4.306244485015557, 4.160035569538881, 4.317516147737625, 3.6550490678268455, 3.365866155998814, 3.487162577877499]
mae=0.7845432373935097
mse=0.9140231242755282

user=310
true_movies=[14, 24, 116, 257, 258, 304, 536, 748, 832, 845]
pred_movies=[312, 358, 316, 678, 25, 329, 748, 100, 1294, 153, 1313, 406, 421, 471, 262, 259, 322, 283, 908, 305, 1176, 301, 118, 328, 234, 350, 919, 292, 9, 125, 349, 750, 633, 347, 893, 405, 285, 879, 881, 873, 476, 261, 288, 315, 752, 689, 137, 625, 751, 321, 237, 900, 742, 1, 223, 304, 338, 319, 877, 191, 300, 280, 631, 880, 149, 268, 313, 306, 332, 310, 38, 269, 258, 1024, 121, 354, 207, 295, 7, 276, 196, 245, 179, 133, 303, 346, 644, 340, 744, 568, 243, 676, 345, 307, 1355, 895, 890, 202, 289, 286, 331, 892, 19, 323, 272, 333, 302, 93, 538, 682, 116, 352, 327, 909, 335, 15, 197, 287, 124, 111]
recall=0.4
precision=0.03333333333333333
fmeasure=0.06153846153846154
true_ratings=[5.0, 4.0, 5.0, 5.0, 3.0, 5.0, 4.0, 3.0, 1.0, 5.0]
pred_ratings=[4.061264348662911, 3.6479970994385833, 3.994025893370191, 3.947374583199934, 4.038413563463739, 3.70598378053729, 3.5645798815151952, 3.49576048591335, 2.943229512917846, 3.6415494827474575]
mae=0.9914628492823372
mse=1.193481342808909

user=938
true_movies=[122, 125, 240, 313, 333, 477, 763, 864, 988, 1033]
pred_movies=[316, 1294, 13, 421, 262, 294, 301, 234, 350, 264, 831, 588, 633, 750, 347, 879, 261, 620, 689, 1233, 120, 975, 751, 321, 477, 1120, 304, 91, 1175, 988, 268, 313, 332, 107, 169, 207, 101, 409, 133, 346, 568, 272, 412, 339, 924, 312, 329, 1060, 1093, 324, 1392, 1312, 322, 283, 71, 292, 1011, 285, 1322, 315, 539, 690, 937, 1025, 137, 95, 625, 368, 24, 206, 369, 271, 319, 880, 123, 306, 902, 827, 310, 38, 269, 687, 934, 1429, 342, 744, 282, 307, 331, 348, 302, 682, 189, 834, 681, 197, 974]
recall=0.3
precision=0.030927835051546393
fmeasure=0.056074766355140186
true_ratings=[1.0, 3.0, 2.0, 5.0, 4.0, 1.0, 4.0, 4.0, 3.0, 2.0]
pred_ratings=[2.240295405280903, 3.3167070281648345, 2.6073299720037624, 4.018420348397207, 3.3704642517806063, 2.928213084145491, 3.2112964376196036, 2.993401811527018, 2.1353718142833884, 2.6330117586210506]
mae=0.8996602584608218
mse=0.9868884305977422

user=402
true_movies=[7, 16, 111, 126, 127, 234, 255, 257, 480, 764]
pred_movies=[427, 358, 316, 606, 872, 705, 421, 294, 301, 234, 350, 318, 633, 750, 879, 261, 689, 751, 321, 900, 304, 191, 280, 300, 877, 527, 988, 603, 268, 313, 332, 98, 121, 566, 207, 196, 179, 133, 346, 644, 325, 568, 740, 243, 531, 478, 202, 890, 604, 289, 1203, 333, 482, 538, 878, 924, 329, 153, 22, 406, 283, 259, 328, 919, 174, 1011, 285, 873, 288, 885, 315, 752, 882, 14, 625, 923, 742, 319, 631, 194, 274, 306, 310, 38, 886, 303, 523, 215, 676, 1355, 331, 323, 302, 682, 327, 335, 197, 287, 111]
recall=0.2
precision=0.020202020202020204
fmeasure=0.03669724770642203
true_ratings=[4.0, 3.0, 4.0, 4.0, 5.0, 4.0, 4.0, 4.0, 5.0, 3.0]
pred_ratings=[4.122090042041632, 3.656374752922101, 3.79393843565886, 4.14486939545669, 4.566169201467801, 4.05392377736168, 3.711465953440884, 4.099412200754793, 4.528994206014895, 3.3473474406686194]
mae=0.28234498126230767
mse=0.11359306243872877

user=669
true_movies=[23, 169, 257, 326, 340, 462, 505, 521, 537, 898]
pred_movies=[524, 316, 100, 432, 199, 242, 294, 228, 305, 485, 1197, 264, 318, 48, 995, 229, 8, 326, 689, 520, 1233, 425, 751, 210, 304, 200, 280, 877, 1175, 260, 185, 332, 204, 98, 169, 186, 566, 161, 708, 173, 89, 238, 644, 568, 519, 55, 202, 895, 604, 289, 333, 449, 265, 878, 513, 709, 684, 748, 602, 153, 423, 1392, 435, 221, 322, 283, 328, 655, 4, 9, 230, 292, 873, 288, 885, 315, 720, 136, 88, 28, 732, 237, 742, 319, 631, 149, 274, 306, 651, 38, 58, 1429, 295, 245, 886, 1475, 227, 340, 73, 530, 286, 19, 1038, 682, 681, 327, 15]
recall=0.3
precision=0.028037383177570093
fmeasure=0.05128205128205129
true_ratings=[4.0, 3.0, 3.0, 1.0, 4.0, 5.0, 3.0, 4.0, 3.0, 1.0]
pred_ratings=[3.893640553046565, 4.159230517601896, 3.631212967038318, 3.2108531861142566, 3.548868141084724, 3.571281810300385, 3.7358334601585566, 3.641779586196157, 3.695963985313665, 3.0064220382685862]
mae=0.9783946063867448
mse=1.4066052975369834

user=592
true_movies=[20, 50, 79, 124, 204, 297, 323, 418, 433, 969]
pred_movies=[300, 316, 606, 880, 329, 1294, 872, 474, 515, 660, 214, 908, 310, 204, 926, 510, 212, 275, 566, 948, 879, 270, 311, 433, 1007, 478, 690, 1527, 604, 86, 582, 323, 348, 1203, 538, 321, 891, 335, 924]
recall=0.3
precision=0.07692307692307693
fmeasure=0.12244897959183675
true_ratings=[4.0, 5.0, 4.0, 5.0, 5.0, 5.0, 1.0, 4.0, 5.0, 4.0]
pred_ratings=[3.665902696370906, 4.560699603675317, 4.253805500082863, 4.256972658963345, 4.031980698830532, 4.051982781249077, 3.3164314962075667, 3.757781857697051, 4.019192119311754, 3.9538922269574948]
mae=0.7271832353234953
mse=0.9145545253026655

user=205
true_movies=[258, 269, 289, 304, 313, 316, 326, 333, 678, 984]
pred_movies=[312, 358, 316, 25, 150, 329, 164, 100, 938, 153, 423, 406, 421, 471, 283, 228, 305, 118, 234, 275, 264, 9, 230, 633, 995, 887, 285, 879, 299, 8, 873, 288, 885, 326, 689, 137, 625, 751, 210, 237, 742, 1, 304, 319, 877, 191, 280, 631, 168, 988, 149, 211, 274, 313, 332, 310, 38, 269, 258, 121, 207, 161, 295, 276, 245, 886, 178, 133, 227, 89, 181, 644, 340, 744, 325, 222, 172, 568, 433, 431, 343, 676, 450, 151, 50, 1355, 202, 249, 895, 289, 331, 323, 333, 302, 108, 682, 116, 327, 541, 15, 197, 287, 124, 111]
recall=0.8
precision=0.07692307692307693
fmeasure=0.14035087719298248
true_ratings=[3.0, 3.0, 4.0, 3.0, 3.0, 4.0, 4.0, 4.0, 1.0, 1.0]
pred_ratings=[2.88915426606101, 3.2371133302770794, 2.3724956657232226, 2.728727199148223, 3.4692941138840085, 3.398894390769291, 2.55529046722998, 2.7525253564462453, 2.036294669104727, 2.11454841614081]
mae=0.8160163184028653
mse=0.9331937150997025

user=726
true_movies=[249, 257, 274, 310, 355, 819, 845, 1014, 1028, 1059]
pred_movies=[312, 358, 316, 678, 329, 748, 100, 938, 153, 435, 406, 421, 471, 259, 283, 305, 301, 118, 328, 234, 350, 275, 264, 9, 750, 995, 633, 285, 879, 873, 261, 288, 885, 252, 315, 326, 690, 689, 137, 625, 751, 841, 685, 210, 237, 742, 739, 304, 271, 200, 338, 319, 877, 191, 300, 280, 631, 168, 508, 268, 194, 274, 313, 306, 56, 332, 310, 38, 269, 258, 98, 1105, 121, 207, 7, 257, 245, 886, 173, 133, 303, 346, 342, 644, 340, 744, 222, 568, 243, 676, 282, 343, 50, 151, 1355, 895, 202, 286, 289, 272, 333, 302, 538, 682, 116, 327, 15, 197, 287, 124, 111]
recall=0.3
precision=0.02702702702702703
fmeasure=0.049586776859504134
true_ratings=[1.0, 3.0, 4.0, 4.0, 3.0, 3.0, 3.0, 1.0, 2.0, 5.0]
pred_ratings=[2.8150681433610667, 3.2401149089166674, 3.011818307502388, 3.3258305565611974, 2.5489005158039912, 2.2830412461110114, 2.985705326903302, 2.6284096010110414, 2.602069410175636, 2.2991842475822275]
mae=0.9831181863000295
mse=1.5809471099323331

user=291
true_movies=[15, 80, 118, 144, 376, 418, 686, 1016, 1042, 1178]
pred_movies=[815, 669, 358, 316, 678, 606, 447, 705, 127, 444, 298, 228, 305, 118, 264, 633, 995, 201, 145, 879, 441, 675, 689, 751, 321, 191, 280, 300, 877, 603, 268, 436, 313, 332, 207, 161, 257, 133, 644, 450, 478, 895, 604, 289, 1203, 333, 482, 541, 25, 329, 748, 406, 283, 510, 328, 230, 224, 873, 885, 315, 252, 690, 14, 625, 635, 319, 479, 149, 194, 274, 665, 310, 269, 258, 295, 276, 886, 303, 227, 340, 222, 667, 431, 676, 847, 286, 323, 302, 108, 682, 327, 197, 111]
recall=0.1
precision=0.010752688172043012
fmeasure=0.01941747572815534
true_ratings=[5.0, 4.0, 2.0, 5.0, 3.0, 4.0, 5.0, 4.0, 4.0, 4.0]
pred_ratings=[3.881781442856782, 3.0042588350480837, 3.391405301747836, 3.989922300930451, 3.1112606567850163, 3.6297498896650833, 3.7999679171527587, 3.6058407108922683, 3.4570110117278885, 2.672238770994803]
mae=0.8461895079264734
mse=0.9000868426646894

