k=20

user=489
true_movies=[271, 289, 292, 310, 321, 342, 457, 881, 1238, 1293]
pred_movies=[427, 815, 100, 457, 198, 705, 127, 421, 242, 11, 118, 234, 275, 633, 357, 8, 154, 707, 520, 321, 210, 191, 280, 877, 344, 603, 211, 246, 255, 888, 121, 186, 207, 133, 644, 311, 568, 202, 289, 513, 329, 153, 435, 406, 283, 292, 9, 174, 285, 690, 514, 137, 882, 625, 237, 223, 271, 631, 168, 149, 274, 310, 38, 1024, 295, 276, 342, 181, 744, 222, 676, 341, 990, 50, 901, 348, 483, 1296, 15, 197, 111]
recall=0.7
precision=0.08641975308641975
fmeasure=0.15384615384615385
true_ratings=[4.0, 2.0, 4.0, 4.0, 3.0, 3.0, 3.0, 2.0, 4.0, 5.0]
pred_ratings=[3.5390874425132934, 3.2827637640511202, 3.874008083203117, 4.000722151539439, 3.313891433302715, 3.370146636587865, 2.295354409295179, 3.256012806577801, 3.2932902480561546, 4.90264998159735]
mae=0.5319146627393846
mse=0.4692343387453394

user=438
true_movies=[9, 15, 50, 121, 181, 237, 269, 321, 476, 1028]
pred_movies=[524, 358, 316, 127, 420, 13, 421, 242, 294, 228, 473, 1154, 234, 350, 275, 750, 357, 347, 633, 187, 879, 261, 251, 689, 896, 425, 751, 321, 900, 304, 200, 877, 191, 268, 278, 515, 984, 313, 332, 521, 121, 207, 161, 7, 708, 196, 179, 133, 248, 346, 644, 568, 1251, 243, 519, 343, 450, 151, 55, 895, 890, 195, 289, 249, 202, 763, 272, 333, 538, 541, 513, 124, 25, 150, 936, 329, 748, 109, 602, 153, 423, 324, 406, 322, 259, 283, 328, 919, 655, 9, 230, 292, 125, 455, 224, 405, 285, 476, 873, 288, 885, 315, 752, 1025, 137, 14, 625, 237, 742, 223, 338, 319, 631, 484, 274, 306, 310, 38, 269, 258, 276, 886, 664, 342, 227, 181, 340, 744, 222, 431, 676, 847, 875, 307, 50, 530, 1019, 1355, 273, 19, 323, 302, 806, 108, 682, 116, 483, 327, 96, 335, 15, 197, 287, 111]
recall=0.9
precision=0.05844155844155844
fmeasure=0.10975609756097561
true_ratings=[4.0, 4.0, 5.0, 5.0, 4.0, 5.0, 4.0, 5.0, 5.0, 2.0]
pred_ratings=[4.246481637319733, 4.11024999311479, 4.592183266052434, 3.883415540991921, 4.331103547756786, 4.136996592293672, 4.314904274077721, 3.6376195336162986, 3.3740195769462127, 3.487162577877499]
mae=0.786566752024599
mse=0.9151098148363227

user=310
true_movies=[14, 24, 116, 257, 258, 304, 536, 748, 832, 845]
pred_movies=[358, 316, 678, 100, 1294, 421, 471, 262, 228, 305, 301, 118, 234, 350, 750, 633, 347, 879, 261, 689, 751, 321, 900, 304, 877, 191, 300, 280, 260, 475, 268, 313, 332, 121, 354, 207, 161, 7, 196, 179, 133, 346, 644, 568, 243, 345, 450, 151, 895, 890, 249, 289, 202, 272, 333, 93, 538, 352, 909, 339, 541, 124, 312, 25, 329, 748, 153, 423, 1313, 406, 259, 322, 283, 908, 1176, 328, 919, 292, 9, 230, 125, 349, 893, 224, 405, 285, 881, 873, 476, 288, 885, 315, 752, 937, 137, 14, 625, 237, 742, 1, 223, 271, 338, 319, 410, 631, 880, 149, 306, 310, 38, 290, 269, 258, 1024, 295, 276, 245, 303, 227, 340, 744, 431, 676, 847, 307, 1355, 286, 331, 892, 19, 323, 348, 302, 108, 682, 116, 327, 335, 15, 197, 287, 111]
recall=0.5
precision=0.03496503496503497
fmeasure=0.06535947712418301
true_ratings=[5.0, 4.0, 5.0, 5.0, 3.0, 5.0, 4.0, 3.0, 1.0, 5.0]
pred_ratings=[4.017332304604658, 3.6479970994385833, 3.9886511843086443, 3.947374583199934, 4.020862942159666, 3.746976578492953, 3.5645798815151952, 3.4399206749806015, 2.943229512917846, 3.6415494827474575]
mae=0.9849552015750689
mse=1.183726700574652

user=938
true_movies=[122, 125, 240, 313, 333, 477, 763, 864, 988, 1033]
pred_movies=[316, 1294, 872, 1342, 13, 421, 262, 294, 228, 301, 234, 350, 264, 930, 831, 588, 633, 750, 347, 879, 261, 326, 620, 689, 1233, 120, 975, 1652, 751, 321, 477, 1120, 900, 304, 877, 91, 1380, 1175, 988, 268, 313, 246, 332, 107, 169, 985, 207, 161, 196, 409, 179, 101, 133, 346, 568, 450, 890, 249, 10, 272, 412, 541, 339, 924, 312, 329, 1060, 1093, 324, 1392, 423, 1312, 322, 283, 71, 919, 292, 230, 1011, 285, 1322, 315, 408, 752, 539, 690, 937, 1025, 137, 95, 625, 368, 24, 206, 1381, 369, 271, 319, 880, 123, 306, 902, 827, 310, 38, 269, 687, 934, 1429, 1511, 886, 227, 342, 744, 431, 282, 307, 990, 331, 348, 302, 108, 682, 189, 834, 681, 327, 335, 197, 974]
recall=0.3
precision=0.023076923076923078
fmeasure=0.042857142857142864
true_ratings=[1.0, 3.0, 2.0, 5.0, 4.0, 1.0, 4.0, 4.0, 3.0, 2.0]
pred_ratings=[2.2402954052809037, 3.3167070281648345, 2.6073299720037624, 4.019807679938071, 3.3704642517806063, 2.938697556283018, 3.2112964376196036, 2.993401811527018, 2.1276040143001858, 2.633011758621051]
mae=0.9013467525188084
mse=0.9920198051042579

user=402
true_movies=[7, 16, 111, 126, 127, 234, 255, 257, 480, 764]
pred_movies=[427, 358, 316, 678, 606, 872, 705, 127, 421, 262, 294, 305, 301, 234, 350, 264, 318, 750, 995, 357, 588, 633, 1063, 879, 261, 1545, 689, 144, 751, 321, 900, 304, 877, 91, 300, 280, 527, 191, 260, 988, 603, 268, 313, 69, 332, 98, 169, 121, 566, 207, 196, 101, 179, 133, 346, 644, 325, 568, 740, 243, 531, 478, 202, 890, 604, 289, 272, 1203, 333, 482, 538, 339, 878, 924, 329, 153, 22, 406, 283, 259, 1039, 328, 71, 919, 292, 174, 1011, 285, 873, 114, 288, 885, 315, 752, 539, 882, 14, 625, 206, 923, 742, 271, 319, 631, 880, 194, 484, 274, 306, 45, 902, 310, 38, 269, 886, 303, 340, 523, 215, 676, 307, 1355, 331, 323, 348, 302, 682, 189, 327, 335, 197, 287, 111]
recall=0.3
precision=0.022556390977443608
fmeasure=0.04195804195804195
true_ratings=[4.0, 3.0, 4.0, 4.0, 5.0, 4.0, 4.0, 4.0, 5.0, 3.0]
pred_ratings=[4.122090042041632, 3.656374752922101, 3.8396125129303336, 4.14486939545669, 4.538989458080881, 4.054402929793489, 3.711465953440884, 4.099412200754793, 4.528994206014895, 3.34734744066862]
mae=0.28054346311703326
mse=0.11435668651077306

user=669
true_movies=[23, 169, 257, 326, 340, 462, 505, 521, 537, 898]
pred_movies=[524, 316, 100, 432, 198, 199, 421, 242, 294, 228, 305, 485, 1197, 234, 275, 264, 318, 48, 633, 995, 229, 8, 326, 689, 520, 1233, 425, 751, 321, 210, 304, 200, 280, 877, 1175, 260, 185, 1238, 332, 204, 98, 169, 186, 566, 161, 207, 708, 173, 346, 89, 238, 644, 270, 325, 568, 519, 55, 202, 895, 604, 289, 333, 449, 265, 878, 709, 513, 124, 684, 748, 602, 153, 423, 1392, 435, 221, 406, 322, 283, 328, 655, 4, 9, 230, 292, 455, 224, 285, 873, 288, 885, 315, 720, 137, 14, 136, 625, 88, 28, 732, 237, 742, 410, 319, 631, 149, 274, 306, 651, 38, 58, 1429, 295, 245, 886, 1475, 227, 340, 744, 676, 73, 847, 530, 273, 286, 19, 1038, 682, 681, 327, 15, 197]
recall=0.3
precision=0.022727272727272728
fmeasure=0.04225352112676056
true_ratings=[4.0, 3.0, 3.0, 1.0, 4.0, 5.0, 3.0, 4.0, 3.0, 1.0]
pred_ratings=[3.8936405530465645, 4.191099458878934, 3.631212967038318, 3.213149983931003, 3.534121833834791, 3.571281810300385, 3.7358334601585566, 3.641779586196157, 3.695963985313665, 3.0064220382685862]
mae=0.9832858110211167
mse=1.4164639055775308

user=592
true_movies=[20, 50, 79, 124, 204, 297, 323, 418, 433, 969]
pred_movies=[316, 606, 561, 164, 1294, 872, 218, 769, 228, 452, 275, 948, 145, 670, 879, 565, 219, 86, 53, 217, 321, 477, 304, 200, 300, 515, 660, 800, 204, 926, 212, 566, 161, 270, 311, 450, 478, 1527, 604, 1203, 538, 448, 541, 413, 924, 25, 329, 21, 559, 406, 254, 908, 510, 551, 672, 230, 1007, 690, 582, 567, 891, 563, 880, 474, 214, 310, 564, 637, 227, 433, 363, 990, 50, 5, 323, 348, 379, 108, 335]
recall=0.4
precision=0.05063291139240506
fmeasure=0.0898876404494382
true_ratings=[4.0, 5.0, 4.0, 5.0, 5.0, 5.0, 1.0, 4.0, 5.0, 4.0]
pred_ratings=[3.665902696370906, 4.546541346692211, 4.253805500082863, 4.256972658963345, 4.039346265396891, 4.051982781249077, 3.297016727767158, 3.757781857697051, 4.001113995881681, 3.9538922269574948]
mae=0.7277288398641362
mse=0.9090199516868627

user=205
true_movies=[258, 269, 289, 304, 313, 316, 326, 333, 678, 984]
pred_movies=[427, 815, 524, 358, 316, 678, 164, 100, 432, 938, 198, 705, 421, 471, 228, 305, 11, 301, 118, 234, 275, 264, 357, 995, 633, 887, 879, 299, 8, 154, 707, 326, 689, 425, 751, 321, 210, 304, 200, 877, 355, 191, 280, 260, 988, 603, 185, 211, 313, 246, 332, 204, 121, 354, 207, 161, 7, 708, 178, 133, 89, 644, 325, 683, 172, 531, 519, 568, 343, 450, 151, 55, 202, 195, 249, 289, 895, 333, 541, 480, 513, 124, 684, 312, 25, 150, 329, 602, 153, 423, 406, 283, 655, 9, 230, 292, 174, 405, 285, 476, 873, 288, 885, 514, 137, 625, 136, 237, 223, 742, 1, 319, 631, 168, 149, 274, 310, 38, 269, 258, 295, 276, 245, 886, 227, 181, 340, 744, 222, 433, 431, 676, 530, 50, 1355, 307, 331, 323, 302, 108, 682, 116, 483, 327, 15, 197, 287, 111]
recall=0.9
precision=0.060810810810810814
fmeasure=0.11392405063291139
true_ratings=[3.0, 3.0, 4.0, 3.0, 3.0, 4.0, 4.0, 4.0, 1.0, 1.0]
pred_ratings=[2.8455777032969807, 3.168369855087847, 2.3557604509449916, 2.7167053210926917, 3.5210296266683665, 3.418140477364136, 2.555925217588869, 2.7710602629669743, 1.9818613447058067, 2.11454841614081]
mae=0.8122639809348187
mse=0.9247921326147402

user=726
true_movies=[249, 257, 274, 310, 355, 819, 845, 1014, 1028, 1059]
pred_movies=[358, 316, 678, 100, 938, 421, 471, 242, 298, 228, 305, 301, 118, 234, 350, 275, 264, 750, 995, 633, 879, 261, 326, 689, 751, 841, 210, 900, 304, 200, 877, 191, 300, 280, 508, 268, 475, 313, 56, 332, 98, 1105, 121, 207, 161, 7, 196, 257, 179, 173, 133, 346, 644, 568, 243, 343, 450, 151, 895, 890, 249, 289, 202, 272, 333, 538, 541, 124, 312, 329, 748, 153, 423, 435, 406, 322, 259, 283, 328, 919, 9, 230, 455, 224, 285, 873, 288, 885, 315, 752, 252, 408, 1007, 690, 1025, 137, 14, 625, 685, 237, 742, 739, 271, 338, 410, 319, 631, 168, 149, 194, 274, 306, 310, 38, 290, 269, 258, 295, 276, 245, 886, 303, 342, 227, 181, 340, 744, 222, 431, 676, 282, 847, 875, 50, 1355, 273, 286, 302, 108, 682, 116, 327, 335, 15, 197, 287, 111]
recall=0.4
precision=0.027210884353741496
fmeasure=0.050955414012738856
true_ratings=[1.0, 3.0, 4.0, 4.0, 3.0, 3.0, 3.0, 1.0, 2.0, 5.0]
pred_ratings=[2.8457017927440753, 3.255524555833991, 3.012749630576313, 3.3063288324399855, 2.5489005158039912, 2.2830412461110114, 2.985705326903302, 2.6284096010110414, 2.602069410175636, 2.2991842475822275]
mae=0.9895795560347913
mse=1.5954086955945186

user=291
true_movies=[15, 80, 118, 144, 376, 418, 686, 1016, 1042, 1178]
pred_movies=[815, 669, 358, 316, 678, 606, 447, 705, 127, 13, 444, 298, 228, 305, 473, 301, 118, 350, 275, 264, 750, 995, 220, 633, 201, 145, 879, 261, 441, 1014, 675, 689, 751, 321, 191, 877, 300, 280, 603, 268, 515, 436, 313, 332, 1105, 1226, 207, 161, 257, 133, 840, 346, 281, 644, 270, 596, 343, 591, 478, 450, 895, 604, 289, 272, 1203, 333, 482, 541, 762, 25, 329, 748, 406, 259, 283, 510, 1048, 328, 919, 230, 224, 1011, 873, 1016, 885, 315, 252, 408, 1007, 690, 137, 14, 625, 635, 628, 271, 338, 319, 479, 149, 126, 20, 194, 274, 306, 665, 982, 310, 269, 258, 295, 276, 886, 303, 227, 340, 222, 744, 667, 431, 676, 847, 286, 323, 302, 108, 682, 327, 15, 197, 111]
recall=0.3
precision=0.022900763358778626
fmeasure=0.04255319148936171
true_ratings=[5.0, 4.0, 2.0, 5.0, 3.0, 4.0, 5.0, 4.0, 4.0, 4.0]
pred_ratings=[3.7753033665026052, 3.0042588350480837, 3.354890237610676, 3.9899223009304516, 3.1112606567850163, 3.6297498896650833, 3.7999679171527587, 3.6234281599950253, 3.4570110117278885, 2.672238770994803]
mae=0.8514270642378993
mse=0.9136501176942835

