k=6

user=489
true_movies=[271, 289, 292, 310, 321, 342, 457, 881, 1238, 1293]
pred_movies=[348, 8, 329, 457, 271, 1296, 211, 292, 210, 690, 202, 342]
recall=0.4
precision=0.3333333333333333
fmeasure=0.3636363636363636
true_ratings=[4.0, 2.0, 4.0, 4.0, 3.0, 3.0, 3.0, 2.0, 4.0, 5.0]
pred_ratings=[3.6593633062963233, 3.2265270186507506, 3.988144462909698, 3.946908681650184, 3.3979703745625454, 3.3550643158527578, 2.345854159648492, 3.256012806577801, 3.2932902480561546, 4.90264998159735]
mae=0.5099363675485653
mse=0.44222028641550865

user=438
true_movies=[9, 15, 50, 121, 181, 237, 269, 321, 476, 1028]
pred_movies=[524, 316, 127, 420, 13, 421, 294, 473, 234, 275, 633, 357, 187, 879, 425, 751, 304, 200, 515, 313, 121, 207, 7, 708, 133, 248, 568, 1251, 519, 243, 151, 55, 195, 249, 289, 333, 513, 124, 150, 936, 329, 748, 109, 602, 406, 283, 328, 655, 455, 224, 285, 885, 137, 14, 625, 237, 742, 319, 38, 269, 258, 181, 222, 676, 847, 530, 1355, 273, 19, 323, 302, 116, 483, 327, 15, 197, 287]
recall=0.5
precision=0.06493506493506493
fmeasure=0.11494252873563217
true_ratings=[4.0, 4.0, 5.0, 5.0, 4.0, 5.0, 4.0, 5.0, 5.0, 2.0]
pred_ratings=[4.261739692890037, 4.212355530770577, 4.7143641999486094, 3.8855289443021364, 4.271138259301029, 4.145462040376562, 4.370746871907892, 3.596916356117222, 3.3930602544558757, 3.487162577877499]
mae=0.786781113754663
mse=0.9140991996246038

user=310
true_movies=[14, 24, 116, 257, 258, 304, 536, 748, 832, 845]
pred_movies=[312, 316, 25, 1294, 100, 153, 406, 421, 322, 328, 118, 234, 292, 633, 347, 405, 476, 288, 315, 625, 751, 321, 237, 223, 1, 338, 319, 280, 191, 300, 631, 149, 313, 310, 38, 269, 258, 121, 207, 295, 276, 303, 133, 644, 340, 568, 676, 345, 307, 286, 895, 331, 289, 202, 302, 15, 197, 111]
recall=0.1
precision=0.017241379310344827
fmeasure=0.02941176470588235
true_ratings=[5.0, 4.0, 5.0, 5.0, 3.0, 5.0, 4.0, 3.0, 1.0, 5.0]
pred_ratings=[4.061264348662911, 3.6479970994385833, 3.9760930865071313, 3.947374583199934, 4.20002299671836, 3.6659053201129974, 3.5645798815151952, 3.3658662896519447, 2.9432295129178456, 3.6415494827474575]
mae=1.000435499710394
mse=1.232637767742627

user=938
true_movies=[122, 125, 240, 313, 333, 477, 763, 864, 988, 1033]
pred_movies=[880, 329, 1093, 306, 313, 13, 421, 1312, 332, 283, 294, 322, 38, 269, 301, 234, 207, 633, 133, 1011, 285, 879, 1322, 744, 568, 690, 937, 137, 120, 348, 625, 682, 321, 339, 197, 304, 271]
recall=0.1
precision=0.02702702702702703
fmeasure=0.0425531914893617
true_ratings=[1.0, 3.0, 2.0, 5.0, 4.0, 1.0, 4.0, 4.0, 3.0, 2.0]
pred_ratings=[2.240295405280903, 3.3167070281648345, 2.607329972003762, 4.139574920098042, 3.3704642517806063, 2.963232744153517, 3.2112964376196036, 2.993401811527018, 2.109426233919027, 2.633011758621051]
mae=0.893641325327977
mse=0.9827533854803783

user=402
true_movies=[7, 16, 111, 126, 127, 234, 255, 257, 480, 764]
pred_movies=[427, 631, 606, 603, 268, 191, 194, 153, 705, 274, 22, 406, 421, 283, 294, 38, 98, 121, 328, 234, 566, 207, 633, 133, 1011, 644, 325, 568, 740, 215, 676, 885, 478, 1355, 202, 604, 331, 289, 14, 1203, 625, 482, 321, 742, 197, 924, 111, 319, 280]
recall=0.2
precision=0.04081632653061224
fmeasure=0.06779661016949151
true_ratings=[4.0, 3.0, 4.0, 4.0, 5.0, 4.0, 4.0, 4.0, 5.0, 3.0]
pred_ratings=[4.122090042041632, 3.656374752922101, 3.768507610384252, 4.14486939545669, 4.566169201467801, 4.051796506941923, 3.711465953440884, 4.099412200754793, 4.528994206014895, 3.3473474406686194]
mae=0.2846753367477927
mse=0.11468330869050118

user=669
true_movies=[23, 169, 257, 326, 340, 462, 505, 521, 537, 898]
pred_movies=[524, 316, 748, 100, 432, 149, 602, 185, 221, 199, 322, 242, 283, 294, 204, 328, 655, 295, 708, 292, 245, 519, 885, 530, 55, 286, 895, 289, 520, 19, 333, 136, 425, 751, 327, 15, 742, 513, 200, 684]
recall=0.0
precision=0.0
fmeasure=nan
true_ratings=[4.0, 3.0, 3.0, 1.0, 4.0, 5.0, 3.0, 4.0, 3.0, 1.0]
pred_ratings=[3.893640553046565, 4.265590454888525, 3.631212967038318, 3.2185185575373474, 3.4996535687938546, 3.571281810300385, 3.7358334601585566, 3.6417795861961566, 3.695963985313665, 3.0064220382685862]
mae=0.9947185944868038
mse=1.4404736158613622

user=592
true_movies=[20, 50, 79, 124, 204, 297, 323, 418, 433, 969]
pred_movies=[300, 310, 1203, 606, 510, 270, 433, 311, 566, 275, 321, 1007, 478, 690, 924, 604]
recall=0.1
precision=0.0625
fmeasure=0.07692307692307693
true_ratings=[4.0, 5.0, 4.0, 5.0, 5.0, 5.0, 1.0, 4.0, 5.0, 4.0]
pred_ratings=[3.665902696370906, 4.560699603675317, 4.253805500082863, 4.256972658963345, 4.0565660195051425, 4.051982781249077, 3.25162747826402, 3.757781857697051, 4.099429665705823, 3.9538922269574948]
mae=0.7102205468222726
mse=0.8651565813584121

user=205
true_movies=[258, 269, 289, 304, 313, 316, 326, 333, 678, 984]
pred_movies=[312, 358, 316, 631, 329, 100, 938, 191, 153, 274, 313, 406, 421, 332, 310, 38, 269, 258, 121, 118, 234, 207, 245, 886, 633, 133, 879, 299, 644, 873, 340, 288, 568, 676, 343, 326, 689, 331, 289, 202, 280, 323, 625, 302, 333, 751, 682, 327, 237, 197, 111, 319, 877]
recall=0.7
precision=0.1320754716981132
fmeasure=0.22222222222222224
true_ratings=[3.0, 3.0, 4.0, 3.0, 3.0, 4.0, 4.0, 4.0, 1.0, 1.0]
pred_ratings=[2.9188412630366396, 3.3398357913179555, 2.4838674898682758, 2.6886325928402703, 3.4724416972439505, 3.313369297206671, 2.552469785551895, 2.6701605802852395, 2.036294669104727, 2.11454841614081]
mae=0.8335779565018452
mse=0.9392286852583421

user=726
true_movies=[249, 257, 274, 310, 355, 819, 845, 1014, 1028, 1059]
pred_movies=[300, 358, 631, 748, 100, 153, 274, 313, 406, 421, 332, 877, 283, 310, 38, 269, 121, 328, 118, 234, 207, 7, 245, 886, 633, 303, 133, 342, 644, 873, 222, 288, 568, 676, 885, 282, 315, 151, 690, 202, 689, 280, 625, 302, 538, 682, 327, 237, 742, 197, 338, 111, 191]
recall=0.2
precision=0.03773584905660377
fmeasure=0.06349206349206349
true_ratings=[1.0, 3.0, 4.0, 4.0, 3.0, 3.0, 3.0, 1.0, 2.0, 5.0]
pred_ratings=[2.8150681433610667, 3.2915304273557786, 3.007680997717376, 3.4124650191771138, 2.5489005158039912, 2.2830412461110114, 2.985705326903302, 2.6284096010110414, 2.602069410175636, 2.2991842475822275]
mae=0.9800100228608501
mse=1.5735692780041217

user=291
true_movies=[15, 80, 118, 144, 376, 418, 686, 1016, 1042, 1178]
pred_movies=[815, 300, 358, 669, 678, 748, 268, 447, 436, 127, 313, 665, 332, 444, 283, 298, 310, 269, 258, 305, 328, 264, 257, 886, 995, 201, 145, 879, 340, 873, 222, 667, 441, 885, 315, 252, 675, 286, 895, 289, 323, 682, 321, 635, 319, 877]
recall=0.0
precision=0.0
fmeasure=nan
true_ratings=[5.0, 4.0, 2.0, 5.0, 3.0, 4.0, 5.0, 4.0, 4.0, 4.0]
pred_ratings=[3.881781442856782, 3.0042588350480837, 3.357792774077541, 3.989922300930451, 3.1112606567850163, 3.6297498896650833, 3.7999679171527587, 3.6058407108922683, 3.4570110117278885, 2.672238770994803]
mae=0.8428282551594439
mse=0.8908460930252093

