k=2

user=489
true_movies=[271, 289, 292, 310, 321, 342, 457, 881, 1238, 1293]
pred_movies=[690, 271, 1296, 342]
recall=0.2
precision=0.5
fmeasure=0.28571428571428575
true_ratings=[4.0, 2.0, 4.0, 4.0, 3.0, 3.0, 3.0, 2.0, 4.0, 5.0]
pred_ratings=[3.68958398171659, 3.2265270186507506, 3.844485454147097, 3.946908681650184, 3.3979703745625454, 3.5698536291485916, 2.27362409877746, 3.256012806577801, 3.2932902480561546, 4.90264998159735]
mae=0.5499821382994854
mse=0.4724949491366285

user=438
true_movies=[9, 15, 50, 121, 181, 237, 269, 321, 476, 1028]
pred_movies=[748, 304, 406, 421, 38, 121, 234, 207, 633, 133, 285, 568, 243, 676, 1355, 289, 323, 625, 116, 237, 15, 742, 197, 287, 124, 319]
recall=0.3
precision=0.11538461538461539
fmeasure=0.16666666666666669
true_ratings=[4.0, 4.0, 5.0, 5.0, 4.0, 5.0, 4.0, 5.0, 5.0, 2.0]
pred_ratings=[4.261739692890037, 4.31004048006866, 4.7143641999486094, 3.9754217117196875, 4.389156897375543, 4.269909444894822, 4.3088047675791525, 3.596916356117222, 3.3930602544558752, 3.487162577877499]
mae=0.7807232448654675
mse=0.8838368529690188

user=310
true_movies=[14, 24, 116, 257, 258, 304, 536, 748, 832, 845]
pred_movies=[312, 316, 1294, 313, 322, 310, 269, 258, 292, 303, 347, 340, 288, 315, 345, 307, 286, 331, 289, 302, 751, 321, 338, 319]
recall=0.1
precision=0.041666666666666664
fmeasure=0.058823529411764705
true_ratings=[5.0, 4.0, 5.0, 5.0, 3.0, 5.0, 4.0, 3.0, 1.0, 5.0]
pred_ratings=[4.061264348662911, 3.6479970994385833, 3.9760930865071313, 3.947374583199934, 4.639733238498986, 3.6659053201129974, 3.5645798815151952, 3.3658662896519447, 2.9432295129178456, 3.6415494827474575]
mae=1.0444065238884566
mse=1.357504757821173

user=938
true_movies=[122, 125, 240, 313, 333, 477, 763, 864, 988, 1033]
pred_movies=[283, 285, 120, 1322, 269, 137, 744, 1093, 13, 1312, 1011]
recall=0.0
precision=0.0
fmeasure=nan
true_ratings=[1.0, 3.0, 2.0, 5.0, 4.0, 1.0, 4.0, 4.0, 3.0, 2.0]
pred_ratings=[2.240295405280903, 3.3167070281648345, 2.6073299720037624, 4.023054237279947, 3.3704642517806063, 2.963232744153517, 3.2112964376196036, 2.993401811527018, 2.109426233919027, 2.6330117586210506]
mae=0.9052933936097866
mse=1.004162555997616

user=402
true_movies=[7, 16, 111, 126, 127, 234, 255, 257, 480, 764]
pred_movies=[427, 606, 603, 194, 705, 22, 98, 566, 325, 215, 478, 604, 289, 14, 1203, 482, 321, 924, 319]
recall=0.0
precision=0.0
fmeasure=nan
true_ratings=[4.0, 3.0, 4.0, 4.0, 5.0, 4.0, 4.0, 4.0, 5.0, 3.0]
pred_ratings=[4.122090042041632, 3.656374752922101, 3.8130495010458385, 4.14486939545669, 4.566169201467801, 4.055522404368424, 3.711465953440884, 4.099412200754793, 4.528994206014895, 3.3473474406686194]
mae=0.28059373742428423
mse=0.11285947087696786

user=669
true_movies=[23, 169, 257, 326, 340, 462, 505, 521, 537, 898]
pred_movies=[524, 316, 333, 425, 100, 751, 513, 602, 519, 655, 327, 708, 530, 55, 286, 200, 289]
recall=0.0
precision=0.0
fmeasure=nan
true_ratings=[4.0, 3.0, 3.0, 1.0, 4.0, 5.0, 3.0, 4.0, 3.0, 1.0]
pred_ratings=[3.8936405530465645, 4.265590454888525, 3.631212967038318, 3.218518557537348, 3.4996535687938546, 3.571281810300385, 3.7358334601585566, 3.641779586196157, 3.695963985313665, 3.0064220382685862]
mae=0.9947185944868038
mse=1.4404736158613622

user=592
true_movies=[20, 50, 79, 124, 204, 297, 323, 418, 433, 969]
pred_movies=[310, 311]
recall=0.0
precision=0.0
fmeasure=nan
true_ratings=[4.0, 5.0, 4.0, 5.0, 5.0, 5.0, 1.0, 4.0, 5.0, 4.0]
pred_ratings=[3.665902696370906, 4.560699603675317, 4.253805500082863, 4.256972658963345, 4.0565660195051425, 4.051982781249077, 3.25162747826402, 3.757781857697051, 3.9588496517338383, 3.9538922269574948]
mae=0.724278548219471
mse=0.8924532934268145

user=205
true_movies=[258, 269, 289, 304, 313, 316, 326, 333, 678, 984]
pred_movies=[631, 100, 191, 153, 274, 406, 421, 38, 121, 118, 234, 207, 633, 133, 644, 568, 676, 202, 625, 237, 197, 111, 280]
recall=0.0
precision=0.0
fmeasure=nan
true_ratings=[3.0, 3.0, 4.0, 3.0, 3.0, 4.0, 4.0, 4.0, 1.0, 1.0]
pred_ratings=[3.0025828940645454, 3.102283028448718, 2.218951261074993, 2.6886325928402703, 3.466931788300355, 3.463082719866011, 2.557407446426237, 2.8143418028010143, 2.036294669104727, 2.11454841614081]
mae=0.798022497305063
mse=0.958884167189845

user=726
true_movies=[249, 257, 274, 310, 355, 819, 845, 1014, 1028, 1059]
pred_movies=[283, 358, 269, 302, 222, 748, 100, 328, 885, 327, 245, 151, 689, 690, 742, 303, 332]
recall=0.0
precision=0.0
fmeasure=nan
true_ratings=[1.0, 3.0, 4.0, 4.0, 3.0, 3.0, 3.0, 1.0, 2.0, 5.0]
pred_ratings=[2.8150681433610667, 3.2915304273557786, 3.01492574136749, 3.2607614955029978, 2.5489005158039912, 2.2830412461110114, 2.985705326903302, 2.6284096010110414, 2.602069410175636, 2.2991842475822275]
mae=0.9944559008632503
mse=1.5922643285610838

user=291
true_movies=[15, 80, 118, 144, 376, 418, 686, 1016, 1042, 1178]
pred_movies=[283, 669, 358, 145, 222, 748, 328, 447, 667, 441, 885, 635, 436, 665, 675, 444, 201]
recall=0.0
precision=0.0
fmeasure=nan
true_ratings=[5.0, 4.0, 2.0, 5.0, 3.0, 4.0, 5.0, 4.0, 4.0, 4.0]
pred_ratings=[3.881781442856782, 3.0042588350480837, 3.357792774077541, 3.989922300930451, 3.1112606567850163, 3.6297498896650833, 3.7999679171527587, 3.6058407108922683, 3.4570110117278885, 2.672238770994803]
mae=0.8428282551594439
mse=0.8908460930252093

