k=4

user=489
true_movies=[271, 289, 292, 310, 321, 342, 457, 881, 1238, 1293]
pred_movies=[348, 8, 329, 271, 1296, 211, 210, 690, 202, 342]
recall=0.2
precision=0.2
fmeasure=0.20000000000000004
true_ratings=[4.0, 2.0, 4.0, 4.0, 3.0, 3.0, 3.0, 2.0, 4.0, 5.0]
pred_ratings=[3.7451797568936445, 3.2265270186507506, 3.844485454147097, 3.946908681650184, 3.3979703745625454, 3.4088116270629616, 2.27362409877746, 3.256012806577801, 3.2932902480561546, 4.90264998159735]
mae=0.5283183605732169
mse=0.4535918531024187

user=438
true_movies=[9, 15, 50, 121, 181, 237, 269, 321, 476, 1028]
pred_movies=[524, 316, 329, 748, 602, 313, 406, 421, 38, 258, 121, 513, 234, 207, 287, 655, 7, 708, 357, 133, 633, 285, 879, 568, 519, 243, 676, 530, 1355, 55, 195, 289, 323, 625, 302, 333, 425, 751, 116, 483, 327, 237, 15, 742, 197, 304, 124, 200, 319]
recall=0.3
precision=0.061224489795918366
fmeasure=0.10169491525423728
true_ratings=[4.0, 4.0, 5.0, 5.0, 4.0, 5.0, 4.0, 5.0, 5.0, 2.0]
pred_ratings=[4.261739692890037, 4.236772827741249, 4.7143641999486094, 3.9079985101187913, 4.389156897375543, 4.176568871625245, 4.3088047675791525, 3.596916356117222, 3.3930602544558752, 3.487162577877499]
mae=0.7894728571197737
mse=0.9086017991975668

user=310
true_movies=[14, 24, 116, 257, 258, 304, 536, 748, 832, 845]
pred_movies=[312, 631, 316, 1294, 100, 153, 313, 406, 421, 322, 310, 38, 269, 258, 121, 118, 234, 207, 292, 633, 303, 347, 133, 644, 340, 288, 568, 676, 315, 345, 307, 286, 202, 331, 289, 280, 625, 302, 751, 321, 237, 197, 338, 111, 319, 191]
recall=0.1
precision=0.021739130434782608
fmeasure=0.03571428571428571
true_ratings=[5.0, 4.0, 5.0, 5.0, 3.0, 5.0, 4.0, 3.0, 1.0, 5.0]
pred_ratings=[4.061264348662911, 3.6479970994385833, 3.9760930865071313, 3.947374583199934, 4.310008992290456, 3.6659053201129974, 3.5645798815151952, 3.3658662896519447, 2.9432295129178456, 3.6415494827474575]
mae=1.0114340992676036
mse=1.2602446044655213

user=938
true_movies=[122, 125, 240, 313, 333, 477, 763, 864, 988, 1033]
pred_movies=[1093, 13, 421, 1312, 332, 283, 294, 322, 38, 269, 234, 207, 633, 133, 1011, 285, 1322, 744, 568, 937, 137, 120, 625, 321, 197, 304]
recall=0.0
precision=0.0
fmeasure=nan
true_ratings=[1.0, 3.0, 2.0, 5.0, 4.0, 1.0, 4.0, 4.0, 3.0, 2.0]
pred_ratings=[2.240295405280903, 3.3167070281648345, 2.607329972003762, 4.023054237279947, 3.3704642517806063, 2.963232744153517, 3.2112964376196036, 2.993401811527018, 2.109426233919027, 2.6330117586210506]
mae=0.9052933936097866
mse=1.0041625559976157

user=402
true_movies=[7, 16, 111, 126, 127, 234, 255, 257, 480, 764]
pred_movies=[427, 606, 603, 194, 705, 22, 406, 421, 283, 294, 38, 98, 121, 328, 234, 566, 207, 633, 133, 325, 568, 215, 676, 885, 478, 604, 289, 14, 1203, 625, 482, 321, 742, 197, 924, 319]
recall=0.1
precision=0.027777777777777776
fmeasure=0.04347826086956522
true_ratings=[4.0, 3.0, 4.0, 4.0, 5.0, 4.0, 4.0, 4.0, 5.0, 3.0]
pred_ratings=[4.122090042041632, 3.656374752922101, 3.8130495010458385, 4.14486939545669, 4.566169201467801, 4.049936412022526, 3.711465953440884, 4.099412200754793, 4.528994206014895, 3.34734744066862]
mae=0.2800351381896945
mse=0.11280056166285117

user=669
true_movies=[23, 169, 257, 326, 340, 462, 505, 521, 537, 898]
pred_movies=[524, 316, 748, 100, 602, 221, 199, 242, 283, 294, 328, 655, 708, 292, 245, 519, 885, 530, 55, 286, 289, 520, 19, 333, 425, 751, 327, 15, 742, 513, 200]
recall=0.0
precision=0.0
fmeasure=nan
true_ratings=[4.0, 3.0, 3.0, 1.0, 4.0, 5.0, 3.0, 4.0, 3.0, 1.0]
pred_ratings=[3.8936405530465645, 4.265590454888525, 3.631212967038318, 3.218518557537348, 3.4996535687938546, 3.571281810300385, 3.7358334601585566, 3.641779586196157, 3.695963985313665, 3.0064220382685862]
mae=0.9947185944868038
mse=1.4404736158613622

user=592
true_movies=[20, 50, 79, 124, 204, 297, 323, 418, 433, 969]
pred_movies=[300, 310, 270, 433, 311, 1007, 690]
recall=0.1
precision=0.14285714285714285
fmeasure=0.11764705882352941
true_ratings=[4.0, 5.0, 4.0, 5.0, 5.0, 5.0, 1.0, 4.0, 5.0, 4.0]
pred_ratings=[3.665902696370906, 4.560699603675317, 4.253805500082863, 4.256972658963345, 4.0565660195051425, 4.051982781249077, 3.25162747826402, 3.757781857697051, 4.1695882017894, 3.9538922269574948]
mae=0.7032046932139149
mse=0.8530122641180757

user=205
true_movies=[258, 269, 289, 304, 313, 316, 326, 333, 678, 984]
pred_movies=[312, 358, 631, 316, 100, 938, 153, 274, 406, 421, 332, 877, 310, 38, 269, 121, 118, 234, 207, 245, 886, 633, 133, 644, 873, 288, 568, 676, 343, 326, 202, 689, 289, 280, 323, 625, 302, 333, 682, 237, 197, 111, 191]
recall=0.5
precision=0.11627906976744186
fmeasure=0.18867924528301888
true_ratings=[3.0, 3.0, 4.0, 3.0, 3.0, 4.0, 4.0, 4.0, 1.0, 1.0]
pred_ratings=[3.0025828940645454, 3.458574690675738, 2.2961401199098677, 2.6886325928402703, 3.466931788300355, 3.2293103031927046, 2.5500017341996823, 2.7427172858688755, 2.036294669104727, 2.11454841614081]
mae=0.8572130422274775
mse=1.0021753082396239

user=726
true_movies=[249, 257, 274, 310, 355, 819, 845, 1014, 1028, 1059]
pred_movies=[631, 358, 748, 100, 153, 274, 332, 877, 283, 310, 269, 328, 245, 886, 303, 644, 873, 222, 288, 885, 315, 151, 690, 202, 689, 280, 302, 682, 327, 237, 742, 111, 191]
recall=0.2
precision=0.06060606060606061
fmeasure=0.0930232558139535
true_ratings=[1.0, 3.0, 4.0, 4.0, 3.0, 3.0, 3.0, 1.0, 2.0, 5.0]
pred_ratings=[2.8150681433610667, 3.2915304273557786, 3.0040626970872464, 3.488231530983826, 2.5489005158039912, 2.2830412461110114, 2.985705326903302, 2.6284096010110414, 2.602069410175636, 2.2991842475822275]
mae=0.9727952017431918
mse=1.5659596501271775

user=291
true_movies=[15, 80, 118, 144, 376, 418, 686, 1016, 1042, 1178]
pred_movies=[300, 358, 669, 748, 268, 447, 436, 313, 665, 332, 444, 283, 310, 269, 328, 886, 201, 145, 879, 873, 222, 667, 441, 885, 315, 675, 895, 286, 323, 682, 321, 635, 877]
recall=0.0
precision=0.0
fmeasure=nan
true_ratings=[5.0, 4.0, 2.0, 5.0, 3.0, 4.0, 5.0, 4.0, 4.0, 4.0]
pred_ratings=[3.881781442856782, 3.0042588350480837, 3.357792774077541, 3.989922300930451, 3.1112606567850163, 3.6297498896650833, 3.7999679171527587, 3.6058407108922683, 3.4570110117278885, 2.672238770994803]
mae=0.8428282551594439
mse=0.8908460930252093

