k=5

user=489
true_movies=[271, 289, 292, 310, 321, 342, 457, 881, 1238, 1293]
pred_movies=[348, 8, 329, 457, 271, 1296, 211, 292, 210, 690, 202, 342]
recall=0.4
precision=0.3333333333333333
fmeasure=0.3636363636363636
true_ratings=[4.0, 2.0, 4.0, 4.0, 3.0, 3.0, 3.0, 2.0, 4.0, 5.0]
pred_ratings=[3.6936963720668428, 3.2265270186507506, 4.016815157648355, 3.946908681650184, 3.3979703745625454, 3.376567302260659, 2.360269447934451, 3.256012806577801, 3.2932902480561546, 4.90264998159735]
mae=0.5077077928395128
mse=0.43972142788465607

user=438
true_movies=[9, 15, 50, 121, 181, 237, 269, 321, 476, 1028]
pred_movies=[524, 316, 150, 936, 329, 748, 109, 602, 515, 127, 313, 420, 13, 406, 421, 38, 269, 258, 473, 121, 513, 234, 275, 207, 655, 287, 7, 708, 633, 357, 133, 248, 455, 187, 224, 285, 879, 181, 568, 1251, 519, 243, 676, 847, 530, 1355, 273, 55, 195, 249, 289, 137, 19, 323, 14, 425, 333, 625, 302, 751, 116, 483, 327, 237, 15, 742, 197, 304, 124, 200, 319]
recall=0.5
precision=0.07042253521126761
fmeasure=0.1234567901234568
true_ratings=[4.0, 4.0, 5.0, 5.0, 4.0, 5.0, 4.0, 5.0, 5.0, 2.0]
pred_ratings=[4.261739692890037, 4.222123675955851, 4.7143641999486094, 3.8945178991979534, 4.247552301867647, 4.157906335265382, 4.383125966090535, 3.596916356117222, 3.3930602544558757, 3.487162577877499]
mae=0.7844939169696528
mse=0.9101266058538007

user=310
true_movies=[14, 24, 116, 257, 258, 304, 536, 748, 832, 845]
pred_movies=[312, 300, 631, 316, 149, 1294, 100, 153, 313, 406, 421, 322, 310, 38, 269, 258, 121, 328, 118, 234, 207, 295, 292, 276, 633, 303, 347, 133, 644, 340, 288, 568, 676, 315, 345, 307, 286, 895, 331, 289, 202, 280, 625, 302, 751, 321, 237, 197, 338, 111, 319, 191]
recall=0.1
precision=0.019230769230769232
fmeasure=0.03225806451612903
true_ratings=[5.0, 4.0, 5.0, 5.0, 3.0, 5.0, 4.0, 3.0, 1.0, 5.0]
pred_ratings=[4.061264348662911, 3.6479970994385833, 3.9760930865071313, 3.947374583199934, 4.244014801100972, 3.6659053201129974, 3.5645798815151952, 3.3658662896519447, 2.943229512917846, 3.6415494827474575]
mae=1.0048346801486552
mse=1.243389531013165

user=938
true_movies=[122, 125, 240, 313, 333, 477, 763, 864, 988, 1033]
pred_movies=[1093, 313, 306, 13, 421, 1312, 332, 283, 294, 322, 38, 269, 301, 234, 207, 633, 133, 1011, 285, 1322, 744, 568, 690, 937, 137, 120, 625, 321, 197, 304]
recall=0.1
precision=0.03333333333333333
fmeasure=0.05
true_ratings=[1.0, 3.0, 2.0, 5.0, 4.0, 1.0, 4.0, 4.0, 3.0, 2.0]
pred_ratings=[2.240295405280903, 3.3167070281648345, 2.607329972003762, 4.162853097752401, 3.3704642517806063, 2.963232744153517, 3.2112964376196036, 2.993401811527018, 2.109426233919027, 2.6330117586210506]
mae=0.8913135075625412
mse=0.9788017472622244

user=402
true_movies=[7, 16, 111, 126, 127, 234, 255, 257, 480, 764]
pred_movies=[427, 606, 603, 268, 194, 705, 22, 406, 421, 283, 294, 38, 98, 121, 328, 234, 566, 207, 633, 133, 1011, 325, 568, 740, 215, 676, 885, 478, 1355, 604, 331, 289, 14, 1203, 625, 482, 321, 742, 197, 924, 111, 319]
recall=0.2
precision=0.047619047619047616
fmeasure=0.07692307692307693
true_ratings=[4.0, 3.0, 4.0, 4.0, 5.0, 4.0, 4.0, 4.0, 5.0, 3.0]
pred_ratings=[4.122090042041632, 3.656374752922101, 3.766350312392589, 4.14486939545669, 4.566169201467801, 4.05105244801152, 3.711465953440884, 4.099412200754793, 4.528994206014895, 3.3473474406686194]
mae=0.28481666065391875
mse=0.11477600112906276

user=669
true_movies=[23, 169, 257, 326, 340, 462, 505, 521, 537, 898]
pred_movies=[524, 316, 149, 100, 748, 602, 221, 199, 242, 283, 294, 328, 655, 295, 708, 292, 245, 519, 885, 530, 55, 286, 895, 289, 520, 19, 333, 425, 751, 327, 15, 742, 513, 200]
recall=0.0
precision=0.0
fmeasure=nan
true_ratings=[4.0, 3.0, 3.0, 1.0, 4.0, 5.0, 3.0, 4.0, 3.0, 1.0]
pred_ratings=[3.893640553046565, 4.265590454888525, 3.631212967038318, 3.2185185575373474, 3.4996535687938546, 3.571281810300385, 3.7358334601585566, 3.641779586196157, 3.695963985313665, 3.0064220382685862]
mae=0.9947185944868036
mse=1.4404736158613622

user=592
true_movies=[20, 50, 79, 124, 204, 297, 323, 418, 433, 969]
pred_movies=[300, 310, 270, 433, 311, 275, 321, 1007, 690, 924]
recall=0.1
precision=0.1
fmeasure=0.10000000000000002
true_ratings=[4.0, 5.0, 4.0, 5.0, 5.0, 5.0, 1.0, 4.0, 5.0, 4.0]
pred_ratings=[3.665902696370906, 4.560699603675317, 4.253805500082863, 4.256972658963345, 4.0565660195051425, 4.051982781249077, 3.25162747826402, 3.757781857697051, 4.127493181879805, 3.9538922269574948]
mae=0.7074141952048745
mse=0.8601807034239621

user=205
true_movies=[258, 269, 289, 304, 313, 316, 326, 333, 678, 984]
pred_movies=[312, 358, 316, 631, 100, 938, 191, 153, 274, 406, 421, 332, 310, 38, 269, 121, 118, 234, 207, 245, 886, 633, 133, 299, 644, 873, 340, 288, 568, 676, 343, 326, 689, 331, 289, 202, 280, 323, 625, 333, 302, 682, 237, 197, 111, 319, 877]
recall=0.5
precision=0.10638297872340426
fmeasure=0.17543859649122806
true_ratings=[3.0, 3.0, 4.0, 3.0, 3.0, 4.0, 4.0, 4.0, 1.0, 1.0]
pred_ratings=[3.0025828940645454, 3.3873312450218926, 2.280705573294009, 2.6886325928402703, 3.466931788300355, 3.276055018908283, 2.551482567215091, 2.7041818809241267, 2.036294669104727, 2.11454841614081]
mae=0.850663137945055
mse=1.003854894717285

user=726
true_movies=[249, 257, 274, 310, 355, 819, 845, 1014, 1028, 1059]
pred_movies=[631, 358, 748, 100, 153, 274, 406, 421, 332, 877, 283, 310, 38, 269, 121, 328, 118, 234, 207, 245, 886, 633, 303, 133, 644, 873, 222, 288, 568, 676, 885, 315, 151, 690, 202, 689, 280, 625, 302, 682, 327, 237, 742, 197, 111, 191]
recall=0.2
precision=0.043478260869565216
fmeasure=0.07142857142857142
true_ratings=[1.0, 3.0, 4.0, 4.0, 3.0, 3.0, 3.0, 1.0, 2.0, 5.0]
pred_ratings=[2.8150681433610667, 3.2915304273557786, 3.0062334616639936, 3.442776142737711, 2.5489005158039912, 2.2830412461110114, 2.985705326903302, 2.628409601011042, 2.602069410175636, 2.2991842475822275]
mae=0.9771236641101286
mse=1.5703868783878083

user=291
true_movies=[15, 80, 118, 144, 376, 418, 686, 1016, 1042, 1178]
pred_movies=[815, 300, 358, 669, 678, 748, 268, 447, 436, 127, 313, 665, 332, 444, 283, 298, 310, 269, 328, 257, 886, 201, 145, 879, 873, 222, 667, 441, 885, 315, 252, 675, 286, 895, 323, 682, 321, 635, 877]
recall=0.0
precision=0.0
fmeasure=nan
true_ratings=[5.0, 4.0, 2.0, 5.0, 3.0, 4.0, 5.0, 4.0, 4.0, 4.0]
pred_ratings=[3.881781442856782, 3.0042588350480837, 3.357792774077541, 3.989922300930451, 3.1112606567850163, 3.6297498896650833, 3.7999679171527587, 3.6058407108922683, 3.4570110117278885, 2.672238770994803]
mae=0.8428282551594439
mse=0.8908460930252093

