k=10

user=489
true_movies=[271, 289, 292, 310, 321, 342, 457, 881, 1238, 1293]
pred_movies=[427, 815, 631, 168, 329, 603, 100, 457, 198, 191, 153, 211, 705, 435, 127, 246, 274, 255, 242, 11, 186, 271, 292, 357, 174, 342, 181, 644, 8, 154, 707, 690, 202, 514, 520, 348, 321, 483, 1296, 210, 237, 223, 513, 111, 280]
recall=0.5
precision=0.1111111111111111
fmeasure=0.1818181818181818
true_ratings=[4.0, 2.0, 4.0, 4.0, 3.0, 3.0, 3.0, 2.0, 4.0, 5.0]
pred_ratings=[3.5906915518687823, 3.226527018650751, 3.9307983778988262, 3.946908681650184, 3.368995868814517, 3.3120548213924623, 2.317021222217498, 3.256012806577801, 3.293290248056155, 4.90264998159735]
mae=0.5182230452146735
mse=0.4465989529298155

user=438
true_movies=[9, 15, 50, 121, 181, 237, 269, 321, 476, 1028]
pred_movies=[524, 358, 316, 150, 936, 329, 748, 109, 602, 324, 127, 420, 13, 406, 421, 259, 294, 283, 473, 1154, 234, 350, 275, 513, 328, 655, 750, 357, 633, 455, 187, 224, 285, 879, 261, 885, 251, 689, 137, 14, 425, 625, 751, 321, 237, 742, 304, 200, 319, 268, 278, 515, 484, 274, 313, 306, 332, 310, 38, 269, 258, 521, 121, 207, 7, 708, 133, 664, 248, 346, 181, 222, 568, 1251, 243, 519, 676, 343, 847, 530, 50, 151, 1355, 55, 1019, 895, 195, 249, 289, 273, 19, 763, 323, 333, 302, 806, 682, 116, 483, 327, 15, 197, 287, 124, 111]
recall=0.7
precision=0.06666666666666667
fmeasure=0.1217391304347826
true_ratings=[4.0, 4.0, 5.0, 5.0, 4.0, 5.0, 4.0, 5.0, 5.0, 2.0]
pred_ratings=[4.261739692890037, 4.1928148014184385, 4.580317729836491, 3.867546949619813, 4.318320892439165, 4.120567795482735, 4.356203443419826, 3.6782848080681863, 3.3930602544558752, 3.487162577877499]
mae=0.7976463870581865
mse=0.9106717347126709

user=310
true_movies=[14, 24, 116, 257, 258, 304, 536, 748, 832, 845]
pred_movies=[312, 358, 316, 678, 25, 329, 748, 1294, 100, 153, 1313, 406, 421, 471, 259, 322, 908, 1176, 301, 118, 328, 234, 350, 292, 349, 750, 633, 347, 893, 405, 285, 879, 476, 261, 288, 315, 689, 625, 751, 321, 237, 742, 1, 223, 304, 338, 319, 877, 191, 300, 280, 631, 880, 149, 268, 313, 306, 332, 310, 38, 269, 258, 121, 354, 207, 295, 276, 133, 303, 346, 644, 340, 568, 243, 676, 345, 307, 1355, 895, 202, 286, 289, 331, 892, 323, 272, 333, 302, 682, 116, 352, 327, 15, 197, 287, 124, 111]
recall=0.4
precision=0.041237113402061855
fmeasure=0.07476635514018691
true_ratings=[5.0, 4.0, 5.0, 5.0, 3.0, 5.0, 4.0, 3.0, 1.0, 5.0]
pred_ratings=[4.061264348662911, 3.6479970994385833, 4.001190162828317, 3.947374583199934, 4.061807830714313, 3.7219953782832045, 3.5645798815151952, 3.38813435611649, 2.9432295129178456, 3.6415494827474575]
mae=0.9807220763073046
mse=1.1833271412192992

user=938
true_movies=[122, 125, 240, 313, 333, 477, 763, 864, 988, 1033]
pred_movies=[312, 316, 880, 988, 329, 1060, 1294, 123, 268, 1093, 197, 313, 306, 13, 421, 332, 107, 1312, 322, 294, 283, 827, 310, 38, 269, 301, 234, 350, 207, 934, 292, 409, 831, 633, 750, 347, 133, 346, 1011, 285, 879, 1322, 744, 261, 568, 282, 315, 307, 620, 690, 689, 937, 331, 137, 120, 348, 975, 625, 368, 24, 751, 682, 321, 834, 412, 339, 477, 1120, 369, 304, 271, 924, 974]
recall=0.3
precision=0.0410958904109589
fmeasure=0.07228915662650602
true_ratings=[1.0, 3.0, 2.0, 5.0, 4.0, 1.0, 4.0, 4.0, 3.0, 2.0]
pred_ratings=[2.240295405280903, 3.3167070281648345, 2.607329972003762, 4.137966587507037, 3.3704642517806063, 2.9142356130520026, 3.2112964376196036, 2.993401811527018, 2.1457275287438815, 2.6330117586210506]
mae=0.8852723159944406
mse=0.9576979137808168

user=402
true_movies=[7, 16, 111, 126, 127, 234, 255, 257, 480, 764]
pred_movies=[427, 631, 358, 606, 988, 603, 872, 268, 153, 194, 705, 274, 22, 306, 406, 421, 332, 877, 283, 294, 259, 310, 38, 98, 301, 121, 328, 234, 350, 566, 207, 287, 886, 633, 750, 133, 303, 346, 1011, 285, 644, 873, 261, 325, 288, 568, 740, 243, 885, 215, 676, 315, 478, 1355, 202, 689, 604, 289, 331, 280, 323, 14, 1203, 625, 302, 751, 482, 682, 321, 742, 197, 304, 924, 111, 319, 191]
recall=0.2
precision=0.02631578947368421
fmeasure=0.046511627906976744
true_ratings=[4.0, 3.0, 4.0, 4.0, 5.0, 4.0, 4.0, 4.0, 5.0, 3.0]
pred_ratings=[4.122090042041632, 3.656374752922101, 3.786304757788913, 4.14486939545669, 4.566169201467801, 4.053285225645354, 3.711465953440884, 4.099412200754793, 4.528994206014895, 3.3473474406686194]
mae=0.2830444938776698
mse=0.11390664541393494

user=669
true_movies=[23, 169, 257, 326, 340, 462, 505, 521, 537, 898]
pred_movies=[524, 316, 100, 432, 199, 242, 294, 228, 305, 485, 1197, 264, 318, 995, 229, 8, 326, 520, 425, 751, 210, 304, 200, 185, 332, 204, 186, 566, 161, 708, 89, 238, 568, 519, 55, 202, 895, 604, 289, 333, 449, 265, 878, 513, 709, 684, 748, 602, 435, 221, 322, 283, 328, 655, 4, 9, 230, 292, 873, 288, 885, 720, 136, 88, 28, 732, 742, 319, 149, 38, 58, 295, 245, 1475, 227, 340, 73, 530, 286, 19, 1038, 327, 15]
recall=0.2
precision=0.024096385542168676
fmeasure=0.043010752688172046
true_ratings=[4.0, 3.0, 3.0, 1.0, 4.0, 5.0, 3.0, 4.0, 3.0, 1.0]
pred_ratings=[3.8936405530465645, 4.265590454888525, 3.631212967038318, 3.2077920004271854, 3.5685221064279187, 3.5712818103003845, 3.735833460158556, 3.6417795861961566, 3.695963985313665, 3.0064220382685862]
mae=0.9867590850123811
mse=1.4293083707046976

user=592
true_movies=[20, 50, 79, 124, 204, 297, 323, 418, 433, 969]
pred_movies=[300, 316, 606, 880, 1294, 872, 908, 310, 510, 275, 566, 948, 270, 311, 433, 1007, 478, 690, 1527, 604, 86, 1203, 321, 891, 924]
recall=0.1
precision=0.04
fmeasure=0.05714285714285714
true_ratings=[4.0, 5.0, 4.0, 5.0, 5.0, 5.0, 1.0, 4.0, 5.0, 4.0]
pred_ratings=[3.665902696370906, 4.560699603675317, 4.253805500082863, 4.256972658963345, 4.0565660195051425, 4.051982781249077, 3.25162747826402, 3.757781857697051, 4.043282060266535, 3.9538922269574948]
mae=0.7158353073662014
mse=0.875584810278124

user=205
true_movies=[258, 269, 289, 304, 313, 316, 326, 333, 678, 984]
pred_movies=[312, 358, 316, 150, 329, 164, 100, 938, 153, 406, 421, 471, 283, 118, 234, 275, 9, 633, 285, 879, 299, 873, 288, 885, 326, 689, 137, 625, 751, 237, 742, 1, 304, 319, 877, 191, 280, 631, 168, 988, 274, 313, 332, 310, 38, 269, 258, 121, 207, 245, 886, 178, 133, 89, 644, 744, 340, 222, 172, 568, 433, 676, 343, 50, 151, 1355, 202, 331, 289, 323, 333, 302, 682, 116, 327, 15, 197, 287, 124, 111]
recall=0.8
precision=0.1
fmeasure=0.1777777777777778
true_ratings=[3.0, 3.0, 4.0, 3.0, 3.0, 4.0, 4.0, 4.0, 1.0, 1.0]
pred_ratings=[2.952327386674441, 3.2096293608011175, 2.381038362733585, 2.7447545578477066, 3.4702384264232906, 3.3732358429124547, 2.55444422909318, 2.7278149414930315, 2.036294669104727, 2.11454841614081]
mae=0.8097095551715545
mse=0.9370572774973009

user=726
true_movies=[249, 257, 274, 310, 355, 819, 845, 1014, 1028, 1059]
pred_movies=[312, 358, 316, 678, 748, 100, 938, 153, 435, 406, 421, 283, 305, 118, 328, 234, 264, 633, 995, 873, 288, 885, 252, 315, 326, 690, 689, 625, 841, 685, 210, 237, 742, 739, 271, 200, 338, 319, 877, 191, 300, 280, 631, 168, 508, 268, 194, 274, 313, 56, 332, 310, 38, 269, 258, 98, 1105, 121, 207, 7, 257, 245, 886, 173, 133, 303, 342, 644, 340, 222, 568, 676, 282, 343, 50, 151, 895, 202, 286, 289, 272, 333, 302, 538, 682, 327, 197, 111]
recall=0.3
precision=0.03409090909090909
fmeasure=0.06122448979591835
true_ratings=[1.0, 3.0, 4.0, 4.0, 3.0, 3.0, 3.0, 1.0, 2.0, 5.0]
pred_ratings=[2.8150681433610667, 3.219574169472646, 3.0105768731786595, 3.3518259499684713, 2.5489005158039912, 2.2830412461110114, 2.985705326903302, 2.6284096010110414, 2.602069410175636, 2.2991842475822275]
mae=0.9785887164472727
mse=1.576810897290804

user=291
true_movies=[15, 80, 118, 144, 376, 418, 686, 1016, 1042, 1178]
pred_movies=[815, 669, 358, 300, 479, 678, 606, 603, 748, 149, 447, 268, 191, 194, 705, 436, 127, 313, 274, 665, 332, 444, 283, 298, 310, 269, 258, 305, 510, 328, 295, 264, 276, 257, 886, 995, 201, 224, 145, 879, 644, 873, 340, 222, 667, 441, 885, 315, 252, 847, 478, 675, 895, 286, 604, 289, 280, 323, 14, 1203, 482, 682, 321, 635, 111, 319, 877]
recall=0.0
precision=0.0
fmeasure=nan
true_ratings=[5.0, 4.0, 2.0, 5.0, 3.0, 4.0, 5.0, 4.0, 4.0, 4.0]
pred_ratings=[3.881781442856782, 3.0042588350480837, 3.357792774077541, 3.989922300930451, 3.1112606567850163, 3.6297498896650833, 3.7999679171527587, 3.6058407108922683, 3.4570110117278885, 2.6722387709948032]
mae=0.8428282551594439
mse=0.8908460930252092

