k=8

user=489
true_movies=[271, 289, 292, 310, 321, 342, 457, 881, 1238, 1293]
pred_movies=[168, 329, 100, 457, 153, 211, 435, 127, 255, 242, 186, 271, 292, 174, 342, 8, 690, 202, 520, 348, 483, 1296, 210, 513]
recall=0.4
precision=0.16666666666666666
fmeasure=0.23529411764705882
true_ratings=[4.0, 2.0, 4.0, 4.0, 3.0, 3.0, 3.0, 2.0, 4.0, 5.0]
pred_ratings=[3.6164570147715867, 3.2265270186507506, 3.9523144792171303, 3.946908681650184, 3.3979703745625454, 3.328191871380815, 2.327839265035103, 3.256012806577801, 3.2932902480561546, 4.90264998159735]
mae=0.5169242400844403
mse=0.4460940592936094

user=438
true_movies=[9, 15, 50, 121, 181, 237, 269, 321, 476, 1028]
pred_movies=[524, 316, 150, 936, 329, 748, 109, 602, 127, 420, 13, 406, 421, 283, 294, 473, 513, 1154, 234, 275, 328, 655, 357, 633, 455, 187, 224, 285, 879, 885, 251, 137, 14, 425, 625, 751, 237, 742, 304, 200, 319, 278, 515, 484, 274, 313, 310, 38, 269, 258, 521, 121, 207, 7, 708, 133, 664, 248, 181, 222, 568, 1251, 243, 519, 676, 343, 847, 530, 50, 151, 1355, 55, 273, 895, 195, 249, 289, 1019, 19, 763, 323, 333, 302, 806, 116, 483, 327, 15, 197, 287, 124, 111]
recall=0.6
precision=0.06521739130434782
fmeasure=0.11764705882352941
true_ratings=[4.0, 4.0, 5.0, 5.0, 4.0, 5.0, 4.0, 5.0, 5.0, 2.0]
pred_ratings=[4.261739692890037, 4.200143781800456, 4.546829955366512, 3.8742913082300436, 4.300624490917516, 4.129904674836832, 4.355271017713602, 3.596916356117222, 3.3930602544558752, 3.487162577877499]
mae=0.8063939012192625
mse=0.9317358394324614

user=310
true_movies=[14, 24, 116, 257, 258, 304, 536, 748, 832, 845]
pred_movies=[312, 316, 678, 25, 329, 748, 1294, 100, 153, 1313, 406, 421, 322, 259, 908, 1176, 118, 328, 234, 292, 349, 750, 633, 347, 893, 405, 879, 476, 288, 315, 625, 751, 321, 237, 223, 1, 338, 319, 877, 191, 300, 280, 631, 880, 149, 313, 332, 310, 38, 269, 258, 121, 354, 207, 295, 276, 133, 303, 644, 340, 568, 676, 345, 307, 895, 202, 286, 289, 331, 892, 323, 272, 333, 302, 352, 327, 15, 197, 111]
recall=0.2
precision=0.02531645569620253
fmeasure=0.0449438202247191
true_ratings=[5.0, 4.0, 5.0, 5.0, 3.0, 5.0, 4.0, 3.0, 1.0, 5.0]
pred_ratings=[4.061264348662911, 3.6479970994385833, 3.9760930865071313, 3.947374583199934, 4.082271730908895, 3.6659053201129974, 3.5645798815151952, 3.411000517743841, 2.9432295129178456, 3.6415494827474575]
mae=0.9931737959386371
mse=1.2092697867979916

user=938
true_movies=[122, 125, 240, 313, 333, 477, 763, 864, 988, 1033]
pred_movies=[880, 988, 329, 1060, 123, 268, 1093, 197, 313, 306, 13, 421, 332, 107, 1312, 283, 294, 322, 827, 38, 269, 301, 234, 350, 207, 934, 409, 831, 633, 750, 133, 346, 1011, 285, 879, 1322, 744, 261, 568, 690, 689, 937, 137, 120, 348, 975, 625, 368, 751, 682, 321, 834, 412, 339, 477, 1120, 369, 304, 271, 924, 974]
recall=0.3
precision=0.04918032786885246
fmeasure=0.08450704225352113
true_ratings=[1.0, 3.0, 2.0, 5.0, 4.0, 1.0, 4.0, 4.0, 3.0, 2.0]
pred_ratings=[2.240295405280903, 3.3167070281648345, 2.607329972003762, 4.166633388251251, 3.3704642517806063, 2.9020124621761436, 3.2112964376196036, 2.993401811527018, 2.154783491688199, 2.6330117586210506]
mae=0.8802777245380016
mse=0.9466340357905034

user=402
true_movies=[7, 16, 111, 126, 127, 234, 255, 257, 480, 764]
pred_movies=[427, 631, 358, 606, 988, 603, 872, 268, 153, 194, 705, 274, 22, 306, 406, 421, 332, 283, 294, 259, 38, 98, 301, 121, 328, 234, 350, 566, 207, 633, 750, 133, 303, 346, 1011, 644, 873, 261, 325, 288, 568, 740, 885, 215, 676, 478, 1355, 202, 689, 604, 289, 331, 280, 14, 1203, 625, 302, 751, 482, 682, 321, 742, 197, 304, 924, 111, 319, 191]
recall=0.2
precision=0.029411764705882353
fmeasure=0.05128205128205128
true_ratings=[4.0, 3.0, 4.0, 4.0, 5.0, 4.0, 4.0, 4.0, 5.0, 3.0]
pred_ratings=[4.122090042041632, 3.656374752922101, 3.7796292969077316, 4.14486939545669, 4.566169201467801, 4.0527268280975965, 3.711465953440884, 4.099412200754793, 4.528994206014895, 3.34734744066862]
mae=0.28365620021101223
mse=0.11419048475062325

user=669
true_movies=[23, 169, 257, 326, 340, 462, 505, 521, 537, 898]
pred_movies=[524, 316, 748, 100, 432, 149, 602, 185, 221, 199, 332, 242, 294, 322, 283, 204, 305, 328, 655, 264, 708, 318, 292, 295, 245, 995, 340, 288, 519, 885, 530, 55, 895, 286, 604, 289, 520, 19, 425, 333, 136, 751, 327, 878, 15, 742, 513, 200, 319, 684]
recall=0.1
precision=0.02
fmeasure=0.03333333333333333
true_ratings=[4.0, 3.0, 3.0, 1.0, 4.0, 5.0, 3.0, 4.0, 3.0, 1.0]
pred_ratings=[3.893640553046565, 4.2655904548885255, 3.631212967038318, 3.218518557537348, 3.5094048505433593, 3.571281810300385, 3.7358334601585566, 3.641779586196157, 3.695963985313665, 3.0064220382685862]
mae=0.9937434663118534
mse=1.4395073208063285

user=592
true_movies=[20, 50, 79, 124, 204, 297, 323, 418, 433, 969]
pred_movies=[300, 316, 606, 310, 510, 275, 566, 270, 311, 433, 1007, 478, 690, 604, 86, 1203, 321, 891, 924]
recall=0.1
precision=0.05263157894736842
fmeasure=0.06896551724137931
true_ratings=[4.0, 5.0, 4.0, 5.0, 5.0, 5.0, 1.0, 4.0, 5.0, 4.0]
pred_ratings=[3.665902696370906, 4.560699603675317, 4.253805500082863, 4.256972658963345, 4.0565660195051425, 4.051982781249077, 3.25162747826402, 3.757781857697051, 4.064345908551395, 3.9538922269574948]
mae=0.7137289225377155
mse=0.8715987465417909

user=205
true_movies=[258, 269, 289, 304, 313, 316, 326, 333, 678, 984]
pred_movies=[312, 358, 316, 329, 100, 938, 153, 406, 421, 471, 283, 118, 234, 633, 285, 879, 299, 873, 288, 885, 326, 689, 625, 751, 237, 742, 1, 304, 319, 191, 280, 631, 877, 274, 313, 332, 310, 38, 269, 258, 121, 207, 245, 886, 133, 644, 340, 222, 568, 676, 343, 1355, 151, 202, 331, 289, 323, 302, 333, 682, 116, 327, 15, 197, 287, 124, 111]
recall=0.8
precision=0.11940298507462686
fmeasure=0.20779220779220778
true_ratings=[3.0, 3.0, 4.0, 3.0, 3.0, 4.0, 4.0, 4.0, 1.0, 1.0]
pred_ratings=[2.939769168804321, 3.280468881751518, 2.421541886472073, 2.758778729534836, 3.471064713612934, 3.3507842408029758, 2.553703758430409, 2.706192969447491, 2.036294669104727, 2.11454841614081]
mae=0.8171605927117882
mse=0.9357225594367733

user=726
true_movies=[249, 257, 274, 310, 355, 819, 845, 1014, 1028, 1059]
pred_movies=[312, 358, 316, 748, 100, 938, 153, 406, 421, 283, 305, 328, 118, 234, 264, 633, 995, 873, 288, 885, 315, 326, 690, 689, 625, 237, 742, 338, 319, 191, 280, 300, 631, 877, 268, 274, 313, 332, 310, 38, 269, 258, 121, 207, 7, 245, 886, 303, 133, 342, 644, 340, 222, 568, 676, 282, 343, 151, 286, 202, 289, 302, 333, 538, 682, 327, 197, 111]
recall=0.2
precision=0.029411764705882353
fmeasure=0.05128205128205128
true_ratings=[1.0, 3.0, 4.0, 4.0, 3.0, 3.0, 3.0, 1.0, 2.0, 5.0]
pred_ratings=[2.8150681433610667, 3.2915304273557786, 3.009490800138328, 3.374568108303251, 2.5489005158039912, 2.2830412461110114, 2.985705326903302, 2.6284096010110414, 2.602069410175636, 2.2991842475822275]
mae=0.9836187337061413
mse=1.577807195022147

user=291
true_movies=[15, 80, 118, 144, 376, 418, 686, 1016, 1042, 1178]
pred_movies=[815, 669, 358, 300, 479, 678, 606, 603, 748, 447, 268, 191, 194, 705, 436, 127, 313, 274, 665, 332, 444, 283, 298, 310, 269, 258, 305, 510, 328, 264, 257, 886, 995, 201, 145, 879, 644, 873, 340, 222, 667, 441, 885, 315, 252, 478, 675, 895, 286, 604, 289, 280, 323, 1203, 482, 682, 321, 635, 111, 319, 877]
recall=0.0
precision=0.0
fmeasure=nan
true_ratings=[5.0, 4.0, 2.0, 5.0, 3.0, 4.0, 5.0, 4.0, 4.0, 4.0]
pred_ratings=[3.881781442856782, 3.0042588350480837, 3.357792774077541, 3.989922300930451, 3.1112606567850163, 3.6297498896650833, 3.7999679171527587, 3.6058407108922683, 3.4570110117278885, 2.672238770994803]
mae=0.8428282551594439
mse=0.8908460930252093

