k=18

user=489
true_movies=[271, 289, 292, 310, 321, 342, 457, 881, 1238, 1293]
pred_movies=[427, 815, 631, 344, 168, 329, 603, 100, 149, 457, 198, 191, 153, 211, 705, 435, 127, 246, 274, 406, 255, 421, 197, 242, 283, 310, 38, 11, 121, 118, 186, 234, 275, 207, 271, 295, 292, 9, 276, 633, 357, 133, 174, 342, 285, 181, 644, 8, 744, 222, 568, 311, 676, 154, 707, 50, 690, 202, 289, 514, 520, 280, 137, 901, 348, 625, 321, 483, 1296, 210, 237, 223, 15, 513, 111, 877]
recall=0.7
precision=0.09210526315789473
fmeasure=0.16279069767441862
true_ratings=[4.0, 2.0, 4.0, 4.0, 3.0, 3.0, 3.0, 2.0, 4.0, 5.0]
pred_ratings=[3.5448266020339503, 3.2171583873982446, 3.877281853019911, 3.974788709629771, 3.3045679038974534, 3.3837668792972657, 2.2977640874626446, 3.256012806577801, 3.2932902480561546, 4.90264998159735]
mae=0.5270904495370983
mse=0.452401048744041

user=438
true_movies=[9, 15, 50, 121, 181, 237, 269, 321, 476, 1028]
pred_movies=[524, 358, 316, 127, 420, 13, 421, 242, 294, 228, 473, 1154, 234, 350, 275, 750, 357, 633, 187, 879, 261, 251, 689, 425, 751, 321, 900, 304, 200, 877, 191, 268, 278, 515, 313, 332, 521, 121, 207, 161, 7, 708, 196, 179, 133, 248, 346, 644, 568, 1251, 243, 519, 343, 450, 151, 55, 895, 890, 195, 289, 249, 202, 763, 333, 538, 541, 513, 124, 25, 150, 936, 329, 748, 109, 602, 153, 423, 324, 406, 322, 259, 283, 328, 919, 655, 9, 230, 292, 455, 224, 405, 285, 476, 873, 288, 885, 315, 752, 1025, 137, 14, 625, 237, 742, 223, 338, 319, 631, 484, 274, 306, 310, 38, 269, 258, 276, 886, 664, 342, 227, 181, 744, 222, 431, 676, 847, 875, 530, 50, 1355, 1019, 273, 19, 323, 302, 806, 108, 682, 116, 483, 327, 335, 15, 197, 287, 111]
recall=0.9
precision=0.06164383561643835
fmeasure=0.11538461538461538
true_ratings=[4.0, 4.0, 5.0, 5.0, 4.0, 5.0, 4.0, 5.0, 5.0, 2.0]
pred_ratings=[4.244787687304347, 4.104340616602244, 4.578618733278281, 3.888174441148342, 4.324658462272155, 4.14296979326949, 4.315581441563412, 3.642138402212176, 3.371905680073061, 3.487162577877499]
mae=0.7852723735638307
mse=0.9130153526385764

user=310
true_movies=[14, 24, 116, 257, 258, 304, 536, 748, 832, 845]
pred_movies=[358, 316, 678, 100, 1294, 421, 471, 262, 228, 305, 301, 118, 234, 350, 750, 633, 347, 879, 261, 689, 751, 321, 900, 304, 877, 191, 300, 280, 260, 475, 268, 313, 332, 121, 354, 207, 161, 7, 196, 179, 133, 346, 644, 568, 243, 345, 450, 895, 890, 249, 289, 202, 272, 333, 93, 538, 352, 909, 339, 541, 124, 312, 25, 329, 748, 153, 423, 1313, 406, 259, 322, 283, 908, 1176, 328, 919, 292, 9, 230, 125, 349, 893, 224, 405, 285, 881, 873, 476, 288, 315, 752, 137, 14, 625, 237, 742, 1, 223, 271, 338, 319, 410, 631, 880, 149, 306, 310, 38, 290, 269, 258, 1024, 295, 276, 245, 303, 227, 340, 744, 431, 676, 847, 307, 1355, 286, 331, 892, 19, 323, 348, 302, 108, 682, 116, 327, 335, 15, 197, 287, 111]
recall=0.5
precision=0.03571428571428571
fmeasure=0.06666666666666667
true_ratings=[5.0, 4.0, 5.0, 5.0, 3.0, 5.0, 4.0, 3.0, 1.0, 5.0]
pred_ratings=[4.012457565890201, 3.6479970994385833, 3.990044642019189, 3.947374583199934, 4.0254131509804525, 3.697085986347638, 3.5645798815151952, 3.466922755807737, 2.9432295129178456, 3.6415494827474575]
mae=0.9934476178547836
mse=1.2005369538725226

user=938
true_movies=[122, 125, 240, 313, 333, 477, 763, 864, 988, 1033]
pred_movies=[316, 1294, 1342, 13, 421, 262, 294, 228, 301, 234, 350, 264, 831, 588, 633, 750, 347, 879, 261, 620, 689, 1233, 120, 975, 1652, 751, 321, 477, 1120, 900, 304, 877, 91, 1380, 1175, 988, 268, 313, 246, 332, 107, 169, 985, 207, 161, 196, 409, 179, 101, 133, 346, 568, 450, 890, 249, 10, 272, 412, 541, 339, 924, 312, 329, 1060, 1093, 324, 1392, 423, 1312, 322, 283, 71, 919, 292, 230, 1011, 285, 1322, 315, 752, 539, 690, 937, 1025, 137, 95, 625, 368, 24, 206, 1381, 369, 271, 319, 880, 123, 306, 902, 827, 310, 38, 269, 687, 934, 1429, 1511, 886, 227, 342, 744, 431, 282, 307, 331, 348, 302, 108, 682, 189, 834, 681, 335, 197, 974]
recall=0.3
precision=0.024193548387096774
fmeasure=0.04477611940298508
true_ratings=[1.0, 3.0, 2.0, 5.0, 4.0, 1.0, 4.0, 4.0, 3.0, 2.0]
pred_ratings=[2.240295405280903, 3.3167070281648345, 2.607329972003762, 4.019447874655656, 3.3704642517806063, 2.935978402030914, 3.2112964376196036, 2.993401811527018, 2.1296185979698983, 2.6330117586210506]
mae=0.9009093592548683
mse=0.9906856724778661

user=402
true_movies=[7, 16, 111, 126, 127, 234, 255, 257, 480, 764]
pred_movies=[427, 358, 316, 678, 606, 872, 705, 127, 421, 262, 294, 301, 234, 350, 318, 588, 633, 750, 1063, 879, 261, 1545, 689, 751, 321, 900, 304, 191, 91, 300, 280, 527, 877, 260, 988, 603, 268, 313, 332, 98, 169, 121, 566, 207, 196, 101, 179, 133, 346, 644, 325, 568, 740, 243, 531, 478, 202, 890, 604, 289, 272, 1203, 333, 482, 538, 339, 878, 924, 329, 153, 22, 406, 283, 259, 328, 71, 919, 292, 174, 1011, 285, 873, 288, 885, 315, 752, 539, 882, 14, 625, 206, 923, 742, 271, 319, 631, 880, 194, 274, 306, 902, 310, 38, 269, 886, 303, 523, 215, 676, 307, 1355, 331, 323, 348, 302, 682, 189, 327, 335, 197, 287, 111]
recall=0.3
precision=0.02459016393442623
fmeasure=0.045454545454545456
true_ratings=[4.0, 3.0, 4.0, 4.0, 5.0, 4.0, 4.0, 4.0, 5.0, 3.0]
pred_ratings=[4.122090042041632, 3.656374752922101, 3.8425602291378964, 4.14486939545669, 4.535973302742495, 4.054278700908496, 3.711465953440884, 4.099412200754793, 4.528994206014895, 3.3473474406686194]
mae=0.2805378841416162
mse=0.1145406555157666

user=669
true_movies=[23, 169, 257, 326, 340, 462, 505, 521, 537, 898]
pred_movies=[524, 316, 100, 432, 199, 242, 294, 228, 305, 485, 1197, 275, 264, 318, 48, 995, 229, 8, 326, 689, 520, 1233, 425, 751, 321, 210, 304, 200, 280, 877, 1175, 260, 185, 1238, 332, 204, 98, 169, 186, 566, 161, 708, 173, 89, 238, 644, 325, 568, 519, 55, 202, 895, 604, 289, 333, 449, 265, 878, 709, 513, 124, 684, 748, 602, 153, 423, 1392, 435, 221, 322, 283, 328, 655, 4, 9, 230, 292, 224, 285, 873, 288, 885, 315, 720, 137, 14, 136, 88, 28, 732, 237, 742, 410, 319, 631, 149, 274, 306, 651, 38, 58, 1429, 295, 245, 886, 1475, 227, 340, 744, 73, 847, 530, 273, 286, 19, 1038, 682, 681, 327, 15]
recall=0.3
precision=0.025
fmeasure=0.04615384615384615
true_ratings=[4.0, 3.0, 3.0, 1.0, 4.0, 5.0, 3.0, 4.0, 3.0, 1.0]
pred_ratings=[3.8936405530465645, 4.1828346636775455, 3.631212967038318, 3.2125543393060565, 3.5379460967225342, 3.5712818103003845, 3.735833460158556, 3.6417795861961566, 3.6959639853136648, 3.0064220382685862]
mae=0.9820173407497087
mse=1.4138834173263537

user=592
true_movies=[20, 50, 79, 124, 204, 297, 323, 418, 433, 969]
pred_movies=[300, 316, 25, 606, 880, 329, 21, 1294, 872, 474, 515, 660, 214, 254, 908, 310, 204, 228, 926, 510, 212, 275, 566, 161, 230, 948, 227, 879, 270, 311, 433, 363, 1007, 450, 478, 50, 690, 990, 1527, 604, 86, 582, 323, 348, 1203, 108, 538, 321, 541, 891, 335, 477, 304, 924]
recall=0.4
precision=0.07407407407407407
fmeasure=0.125
true_ratings=[4.0, 5.0, 4.0, 5.0, 5.0, 5.0, 1.0, 4.0, 5.0, 4.0]
pred_ratings=[3.665902696370906, 4.538474422313013, 4.253805500082863, 4.256972658963345, 4.037436336953395, 4.051982781249077, 3.302051074837972, 3.757781857697051, 4.005801744180887, 3.9538922269574948]
mae=0.7287611850235667
mse=0.9115064059249844

user=205
true_movies=[258, 269, 289, 304, 313, 316, 326, 333, 678, 984]
pred_movies=[427, 815, 524, 358, 316, 678, 164, 100, 432, 938, 198, 705, 421, 471, 228, 305, 11, 301, 118, 234, 275, 264, 357, 995, 633, 887, 879, 299, 8, 154, 707, 326, 689, 425, 751, 321, 210, 304, 200, 877, 355, 191, 280, 260, 988, 603, 185, 211, 313, 246, 332, 204, 121, 354, 207, 161, 7, 708, 178, 133, 89, 644, 325, 683, 172, 531, 519, 568, 343, 450, 151, 55, 202, 195, 249, 289, 895, 333, 541, 480, 513, 124, 684, 312, 25, 150, 329, 602, 153, 423, 406, 283, 655, 9, 230, 174, 285, 873, 288, 885, 514, 137, 625, 136, 237, 223, 742, 1, 319, 631, 168, 149, 274, 310, 38, 269, 258, 295, 276, 245, 886, 227, 181, 340, 744, 222, 433, 431, 676, 530, 50, 1355, 331, 323, 302, 108, 682, 116, 483, 327, 15, 197, 287, 111]
recall=0.9
precision=0.0625
fmeasure=0.11688311688311688
true_ratings=[3.0, 3.0, 4.0, 3.0, 3.0, 4.0, 4.0, 4.0, 1.0, 1.0]
pred_ratings=[2.8384690821325718, 3.1757067988939807, 2.3383925406091723, 2.7198219487195194, 3.452098355977624, 3.4131510002697305, 2.555760660895188, 2.7662551566885427, 1.9880119035352433, 2.11454841614081]
mae=0.8098515085232932
mse=0.927152817855416

user=726
true_movies=[249, 257, 274, 310, 355, 819, 845, 1014, 1028, 1059]
pred_movies=[358, 316, 678, 100, 938, 421, 471, 242, 298, 305, 301, 118, 234, 350, 275, 264, 750, 995, 633, 879, 261, 326, 689, 751, 841, 210, 900, 304, 200, 877, 191, 300, 280, 508, 268, 313, 56, 332, 98, 1105, 121, 207, 7, 196, 257, 179, 173, 133, 346, 644, 568, 243, 343, 151, 895, 890, 202, 289, 272, 333, 538, 124, 312, 329, 748, 153, 435, 406, 322, 259, 283, 328, 919, 9, 455, 285, 873, 288, 885, 315, 752, 252, 408, 1007, 690, 1025, 137, 625, 685, 237, 742, 739, 271, 338, 319, 631, 168, 149, 194, 274, 306, 310, 38, 269, 258, 295, 276, 245, 886, 303, 342, 340, 744, 222, 676, 282, 875, 50, 1355, 273, 286, 302, 682, 116, 327, 335, 15, 197, 287, 111]
recall=0.3
precision=0.023076923076923078
fmeasure=0.042857142857142864
true_ratings=[1.0, 3.0, 4.0, 4.0, 3.0, 3.0, 3.0, 1.0, 2.0, 5.0]
pred_ratings=[2.8150681433610667, 3.2515294677878845, 3.012508176784434, 3.3113848279039395, 2.5489005158039912, 2.2830412461110114, 2.985705326903302, 2.6284096010110414, 2.602069410175636, 2.2991842475822275]
mae=0.9856352281246723
mse=1.583340646330939

user=291
true_movies=[15, 80, 118, 144, 376, 418, 686, 1016, 1042, 1178]
pred_movies=[815, 669, 358, 316, 678, 606, 447, 705, 127, 444, 298, 228, 305, 301, 118, 350, 275, 264, 750, 995, 633, 201, 145, 879, 261, 441, 675, 689, 751, 321, 191, 280, 300, 877, 603, 268, 436, 313, 332, 207, 161, 257, 133, 840, 346, 644, 450, 478, 895, 604, 289, 1203, 333, 482, 541, 25, 329, 748, 406, 259, 283, 510, 328, 919, 230, 224, 873, 885, 315, 252, 408, 1007, 690, 137, 14, 625, 635, 319, 479, 149, 194, 274, 306, 665, 982, 310, 269, 258, 295, 276, 886, 303, 227, 340, 744, 222, 667, 431, 676, 847, 286, 323, 302, 108, 682, 327, 15, 197, 111]
recall=0.2
precision=0.01834862385321101
fmeasure=0.03361344537815126
true_ratings=[5.0, 4.0, 2.0, 5.0, 3.0, 4.0, 5.0, 4.0, 4.0, 4.0]
pred_ratings=[3.81477146269263, 3.0042588350480837, 3.3545680332618386, 3.9899223009304516, 3.1112606567850163, 3.6297498896650833, 3.7999679171527587, 3.6058407108922683, 3.4570110117278885, 2.672238770994803]
mae=0.8492067790942889
mse=0.9054068213758061

